100
57 45 52 c
47 56 43 c
41 50 66 c
42 51 53 c
41 52 62 c
48 47 50 c
48 54 39 c
39 48 57 c
49 49 52 c
55 40 49 c
54 43 50 c
42 58 60 c
54 45 49 c
43 44 53 c
53 53 58 c
42 46 49 c
46 51 53 c
53 52 49 c
55 62 50 c
41 50 56 c
45 56 40 c
51 41 48 c
54 48 46 c
55 57 49 c
50 59 53 c
47 51 43 c
61 51 48 c
44 62 63 c
48 57 50 c
59 58 48 c
55 50 35 c
48 48 54 c
54 43 48 c
44 53 41 c
50 48 47 c
53 44 48 c
46 50 54 c
41 56 44 c
44 46 60 c
49 51 66 c
57 57 50 c
42 44 55 c
55 63 49 c
43 44 60 c
46 55 40 c
47 50 43 c
54 59 54 c
53 52 39 c
48 50 67 c
46 47 63 c
50 57 50 c
45 44 66 c
53 51 65 c
48 50 53 c
45 58 45 c
43 46 62 c
47 50 45 c
42 45 53 c
48 48 53 c
47 51 53 c
44 54 59 c
42 50 54 c
54 56 48 c
41 58 61 c
51 60 44 c
51 43 46 c
51 61 53 c
47 51 67 c
50 51 51 c
45 46 54 c
59 47 40 c
48 51 69 c
46 50 55 c
54 47 41 c
49 53 45 c
57 61 50 c
40 57 47 c
49 51 35 c
48 54 44 c
46 54 46 c
50 51 49 c
52 60 45 c
53 52 59 c
54 56 52 c
58 60 41 c
48 50 49 c
46 55 49 c
46 49 46 c
44 46 55 c
59 40 46 c
52 50 56 c
48 60 52 c
51 62 44 c
54 48 42 c
50 52 59 c
56 49 46 c
39 52 59 c
50 55 52 c
58 59 41 c
54 49 36 c
55 45 48 c
43 44 49 c
42 52 46 c
53 47 67 c
49 55 51 c
62 65 40 c
57 66 40 c
50 48 59 c
51 59 43 c
49 58 53 c
46 51 45 c
53 51 34 c
50 42 60 c
50 58 54 c
43 45 49 c
45 49 44 c
51 42 47 c
59 46 37 c
60 62 39 c
46 52 59 c
55 52 36 c
57 41 49 c
52 48 46 c
40 48 53 c
50 56 50 c
38 54 45 c
51 48 45 c
58 49 45 c
52 45 50 c
49 44 55 c
50 51 50 c
49 46 59 c
49 57 37 c
56 47 47 c
48 54 45 c
54 48 43 c
47 50 54 c
41 57 47 c
47 54 39 c
54 49 43 c
48 53 60 c
52 47 47 c
55 42 48 c
54 58 47 c
51 58 52 c
55 49 46 c
45 51 41 c
62 43 38 c
52 40 47 c
55 62 41 c
44 42 66 c
51 54 60 c
47 47 64 c
46 54 59 c
53 59 53 c
44 63 59 c
51 51 58 c
40 47 53 c
57 65 39 c
46 51 64 c
45 53 64 c
56 41 49 c
43 58 57 c
46 48 44 c
51 54 56 c
49 60 46 c
50 59 52 c
47 56 52 c
52 58 45 c
46 48 57 c
50 52 58 c
53 47 42 c
45 46 62 c
52 38 46 c
48 44 60 c
49 51 64 c
49 48 49 c
53 49 49 c
51 58 53 c
51 49 38 c
48 48 58 c
42 48 54 c
51 41 45 c
51 46 51 c
54 49 48 c
57 53 53 c
49 60 51 c
50 56 55 c
46 54 39 c
58 46 42 c
52 41 49 c
49 47 55 c
44 48 55 c
46 55 47 c
42 58 56 c
55 53 48 c
54 61 50 c
42 44 46 c
51 49 49 c
47 52 38 c
45 55 60 c
49 52 40 c
45 47 65 c
56 63 49 c
44 56 59 c
43 51 45 c
58 41 53 c
50 51 70 c
45 49 45 c
44 50 45 c
56 62 40 c
47 57 51 c
52 56 51 c
57 64 50 c
46 52 45 c
44 49 65 c
54 48 47 c
42 54 45 c
54 40 45 c
52 48 61 c
58 41 44 c
51 40 49 c
54 47 42 c
45 46 60 c
55 44 38 c
44 45 57 c
56 67 37 c
43 52 56 c
51 46 45 c
54 47 60 c
46 43 46 c
44 58 58 c
53 51 33 c
55 48 35 c
52 51 64 c
40 57 45 c
43 45 50 c
42 53 44 c
43 57 46 c
47 58 42 c
43 49 67 c
50 59 54 c
50 49 57 c
55 44 47 c
55 48 43 c
57 43 45 c
50 47 69 c
42 51 57 c
41 54 46 c
46 44 46 c
46 57 51 c
50 42 52 c
46 45 62 c
49 49 67 c
43 43 46 c
41 42 61 c
41 47 57 c
57 49 45 c
56 67 40 c
58 64 40 c
52 53 55 c
48 50 46 c
54 42 43 c
49 50 48 c
38 51 59 c
56 59 39 c
45 59 59 c
40 56 60 c
49 43 51 c
49 57 50 c
49 58 56 c
44 44 53 c
54 61 42 c
47 48 52 c
49 50 57 c
44 51 41 c
50 52 61 c
46 53 55 c
42 48 56 c
45 46 57 c
44 61 60 c
48 48 56 c
43 51 60 c
51 53 64 c
51 52 61 c
49 52 52 c
45 43 59 c
51 61 54 c
45 44 63 c
55 49 38 c
56 53 57 c
53 50 46 c
60 61 40 c
49 47 62 c
56 65 40 c
49 49 45 c
47 49 41 c
54 53 39 c
41 42 60 c
49 43 52 c
45 61 62 c
59 46 39 c
50 54 45 c
55 53 58 c
46 55 52 c
52 52 37 c
53 37 44 c
55 64 49 c
54 51 40 c
48 53 46 c
44 59 60 c
51 59 45 c
51 47 68 c
52 48 67 c
53 60 43 c
48 49 44 c
56 58 57 c
55 60 54 c
54 46 53 c
55 41 48 c
52 47 51 c
51 54 52 c
45 50 49 c
51 58 51 c
52 43 48 c
49 46 62 c
54 62 42 c
51 56 52 c
50 53 58 c
47 51 44 c
45 51 63 c
48 52 55 c
55 49 43 c
53 52 50 c
54 65 46 c
46 60 61 c
58 62 52 c
55 48 45 c
48 43 43 c
51 61 45 c
56 49 42 c
41 52 61 c
44 61 63 c
55 56 51 c
51 62 46 c
55 49 52 c
54 47 45 c
56 47 42 c
53 53 39 c
48 41 60 c
42 47 55 c
55 52 40 c
46 43 59 c
53 53 64 c
55 50 53 c
49 40 46 c
51 60 55 c
51 45 54 c
42 52 47 c
53 55 52 c
59 57 48 c
50 49 49 c
51 50 65 c
49 55 54 c
58 46 52 c
50 48 60 c
58 48 44 c
47 49 54 c
54 40 49 c
42 52 45 c
50 56 56 c
55 52 48 c
44 55 59 c
54 58 43 c
61 62 40 c
45 45 47 c
50 49 58 c
43 48 53 c
52 52 66 c
41 54 61 c
62 40 41 c
43 53 43 c
55 43 48 c
48 51 67 c
43 48 54 c
49 46 47 c
51 46 60 c
42 58 62 c
57 61 42 c
47 59 45 c
43 45 58 c
46 55 46 c
44 63 63 c
41 56 59 c
45 46 65 c
43 44 48 c
48 47 55 c
59 59 52 c
58 44 41 c
52 57 49 c
49 52 42 c
61 59 41 c
44 52 42 c
55 39 50 c
48 57 55 c
42 59 62 c
44 51 44 c
50 58 52 c
56 45 39 c
55 44 50 c
54 46 60 c
52 52 50 c
43 59 45 c
55 51 35 c
45 45 63 c
48 55 55 c
49 41 52 c
45 50 43 c
58 62 41 c
58 64 42 c
41 58 48 c
56 61 54 c
47 49 55 c
47 43 62 c
58 58 48 c
53 47 50 c
48 53 39 c
51 48 62 c
46 54 42 c
49 59 53 c
52 63 46 c
50 59 50 c
47 56 45 c
53 49 51 c
42 52 71 c
51 63 46 c
54 51 51 c
55 47 45 c
53 50 35 c
51 57 48 c
45 44 64 c
48 50 33 c
55 58 43 c
61 44 39 c
57 57 40 c
46 49 55 c
52 60 44 c
55 58 58 c
51 41 50 c
48 57 42 c
39 44 56 c
43 42 47 c
49 59 59 c
54 56 43 c
41 49 56 c
43 59 59 c
41 44 52 c
59 57 49 c
60 46 39 c
49 44 63 c
54 54 52 c
56 42 51 c
46 43 65 c
50 61 50 c
45 55 45 c
48 51 49 c
51 42 48 c
51 41 44 c
57 68 38 c
42 53 62 c
40 58 47 c
46 45 64 c
46 49 44 c
42 54 71 c
53 44 49 c
44 45 55 c
50 54 53 c
42 48 57 c
62 58 42 c
58 61 40 c
64 43 37 c
55 45 50 c
49 50 59 c
54 59 43 c
47 53 41 c
48 47 61 c
48 48 49 c
42 45 55 c
45 61 61 c
47 47 57 c
42 60 47 c
59 67 40 c
48 47 49 c
47 42 49 c
44 49 45 c
48 57 51 c
52 53 64 c
48 58 51 c
54 47 59 c
53 57 44 c
60 41 39 c
49 50 63 c
61 39 39 c
59 57 50 c
57 62 39 c
49 46 51 c
55 43 51 c
39 55 45 c
55 53 57 c
47 51 66 c
41 53 59 c
46 55 44 c
40 46 54 c
53 44 50 c
36 55 47 c
45 61 60 c
49 45 48 c
54 56 53 c
55 42 50 c
53 56 52 c
59 46 41 c
53 46 40 c
43 44 46 c
61 65 41 c
55 59 44 c
60 63 41 c
57 38 45 c
48 43 50 c
48 47 67 c
41 60 56 c
53 60 42 c
50 50 67 c
45 62 62 c
51 42 46 c
51 46 70 c
43 57 58 c
44 57 59 c
55 45 49 c
54 60 41 c
46 53 38 c
46 57 60 c
51 56 51 c
55 55 52 c
48 54 51 c
41 43 51 c
55 50 41 c
54 55 51 c
38 55 48 c
49 44 53 c
54 48 41 c
57 63 51 c
52 47 48 c
58 41 46 c
44 46 56 c
51 54 50 c
49 51 49 c
58 42 48 c
41 43 61 c
51 47 48 c
52 57 51 c
59 47 52 c
44 48 57 c
57 59 46 c
40 54 59 c
47 53 50 c
58 60 39 c
44 51 67 c
50 59 41 c
51 50 68 c
56 59 43 c
43 50 57 c
46 48 43 c
53 53 35 c
39 50 55 c
46 53 56 c
55 54 51 c
45 50 63 c
61 39 41 c
46 46 48 c
48 53 51 c
44 57 46 c
50 48 46 c
58 39 46 c
43 57 45 c
59 49 45 c
42 48 52 c
44 43 45 c
55 51 54 c
55 50 51 c
41 47 58 c
51 57 55 c
53 48 43 c
56 54 52 c
45 49 56 c
54 62 41 c
52 62 43 c
50 60 42 c
48 59 53 c
39 50 56 c
60 61 41 c
44 60 62 c
46 45 57 c
50 47 45 c
60 45 40 c
43 49 56 c
59 59 42 c
55 56 46 c
56 45 38 c
50 51 44 c
49 54 44 c
52 42 47 c
47 46 49 c
44 50 55 c
57 42 52 c
52 61 44 c
49 48 55 c
49 44 45 c
46 54 51 c
50 56 51 c
47 43 45 c
50 60 53 c
53 52 35 c
51 41 47 c
43 54 39 c
53 53 52 c
42 43 52 c
42 49 55 c
61 66 40 c
50 46 51 c
59 42 46 c
49 56 44 c
48 49 61 c
45 52 44 c
52 47 71 c
57 46 51 c
48 57 41 c
52 46 46 c
56 57 58 c
47 55 50 c
50 44 45 c
50 48 63 c
48 47 69 c
42 59 46 c
48 45 52 c
47 51 36 c
54 48 60 c
39 59 57 c
46 46 62 c
55 47 46 c
50 45 60 c
47 44 61 c
55 47 47 c
47 58 55 c
48 49 54 c
44 45 62 c
55 51 52 c
50 49 47 c
57 47 47 c
58 60 49 c
60 59 39 c
48 52 39 c
56 51 42 c
54 51 39 c
46 56 44 c
60 65 41 c
51 53 60 c
49 41 45 c
59 61 41 c
43 60 61 c
49 45 63 c
52 49 34 c
52 50 50 c
43 42 65 c
54 50 43 c
53 51 63 c
41 59 57 c
59 63 41 c
44 50 56 c
48 51 44 c
56 49 47 c
50 47 62 c
51 48 71 c
48 47 57 c
54 62 48 c
56 58 53 c
51 57 50 c
43 46 63 c
43 44 59 c
42 51 56 c
56 48 42 c
55 41 50 c
49 47 54 c
46 52 61 c
58 65 41 c
49 61 60 c
55 49 35 c
53 50 40 c
50 41 47 c
51 52 60 c
44 47 48 c
46 48 40 c
50 50 51 c
60 58 40 c
58 59 49 c
46 49 52 c
41 50 55 c
46 47 59 c
56 48 39 c
49 48 64 c
45 44 58 c
56 52 58 c
43 43 47 c
45 56 58 c
60 64 41 c
47 47 49 c
58 67 37 c
60 60 40 c
48 56 51 c
43 46 56 c
50 52 49 c
48 54 47 c
45 43 47 c
41 54 47 c
56 47 41 c
50 51 52 c
46 50 42 c
55 52 52 c
54 53 57 c
54 52 49 c
56 48 47 c
58 56 48 c
60 64 42 c
42 51 46 c
48 52 38 c
50 50 42 c
48 51 41 c
37 54 47 c
42 60 64 c
57 46 41 c
55 59 50 c
48 60 59 c
52 40 46 c
55 58 54 c
46 54 38 c
58 45 40 c
53 56 48 c
48 49 60 c
49 54 46 c
49 54 52 c
57 57 46 c
49 58 47 c
60 58 46 c
43 50 56 c
56 50 49 c
55 49 47 c
44 48 44 c
46 56 43 c
52 50 49 c
51 50 63 c
65 44 37 c
49 51 38 c
44 49 59 c
58 57 49 c
48 50 65 c
58 63 51 c
52 60 54 c
51 44 46 c
50 58 46 c
54 64 46 c
52 62 47 c
53 57 43 c
43 59 47 c
52 43 47 c
50 51 48 c
47 50 70 c
59 57 47 c
50 50 60 c
60 63 40 c
58 48 49 c
43 55 59 c
46 57 45 c
42 49 56 c
54 50 36 c
57 48 47 c
49 62 50 c
54 41 45 c
46 57 56 c
50 62 53 c
54 51 57 c
53 61 54 c
41 58 44 c
49 60 54 c
45 58 58 c
45 56 46 c
50 63 43 c
50 56 54 c
54 56 51 c
46 43 63 c
52 50 46 c
51 51 57 c
41 47 55 c
57 45 41 c
48 52 36 c
60 67 39 c
48 57 54 c
48 52 46 c
44 45 45 c
48 43 51 c
59 48 50 c
42 46 54 c
51 51 62 c
43 51 46 c
57 46 42 c
50 61 41 c
43 61 62 c
54 60 39 c
45 42 57 c
48 54 58 c
42 55 61 c
44 63 61 c
55 44 48 c
48 50 44 c
52 54 57 c
49 59 51 c
39 52 60 c
57 48 45 c
44 48 43 c
43 52 44 c
46 51 35 c
45 48 49 c
57 66 36 c
41 61 65 c
48 47 71 c
54 43 45 c
45 58 60 c
47 52 53 c
42 50 55 c
45 45 48 c
43 47 54 c
48 58 54 c
45 47 49 c
56 52 49 c
46 49 45 c
59 60 44 c
50 39 48 c
49 50 42 c
56 43 51 c
58 64 51 c
59 67 38 c
47 57 55 c
43 55 58 c
54 44 49 c
38 52 60 c
58 68 38 c
52 54 52 c
55 48 49 c
42 59 58 c
49 57 40 c
47 54 40 c
50 40 46 c
43 48 47 c
51 61 51 c
44 45 46 c
51 47 53 c
44 47 46 c
63 44 38 c
43 43 65 c
50 45 49 c
56 60 49 c
51 50 56 c
48 54 46 c
57 60 48 c
49 44 43 c
43 42 57 c
41 58 47 c
46 50 43 c
52 48 62 c
48 59 57 c
48 53 47 c
53 40 48 c
41 45 58 c
57 40 46 c
47 50 66 c
44 50 44 c
44 56 58 c
48 49 53 c
47 55 45 c
46 52 66 c
59 37 48 c
49 46 70 c
53 50 59 c
46 48 51 c
52 52 65 c
56 61 48 c
54 50 39 c
54 48 44 c
51 39 47 c
49 45 46 c
53 64 45 c
57 39 46 c
58 60 48 c
48 51 43 c
54 49 47 c
56 43 50 c
51 56 55 c
42 50 69 c
63 42 37 c
44 49 67 c
42 61 61 c
48 59 58 c
35 55 47 c
57 60 47 c
49 45 44 c
54 59 56 c
45 46 61 c
57 50 43 c
47 53 37 c
56 40 49 c
43 58 59 c
54 54 51 c
50 45 44 c
43 46 55 c
58 45 43 c
47 48 64 c
44 62 60 c
45 50 65 c
56 58 48 c
56 42 48 c
53 47 60 c
53 37 45 c
50 46 45 c
48 45 49 c
51 52 52 c
55 45 42 c
50 51 45 c
48 59 55 c
59 49 50 c
58 56 49 c
42 52 61 c
61 59 45 c
53 53 34 c
44 57 47 c
45 50 62 c
51 52 50 c
49 48 59 c
59 58 45 c
49 50 51 c
48 52 60 c
53 58 53 c
41 51 54 c
61 64 41 c
47 53 53 c
48 42 51 c
48 59 45 c
59 50 46 c
42 49 57 c
43 59 62 c
48 57 46 c
44 43 58 c
38 56 47 c
50 56 52 c
49 51 69 c
54 59 40 c
53 63 45 c
47 55 46 c
47 48 49 c
39 49 55 c
52 57 46 c
57 42 43 c
53 38 46 c
46 46 71 c
54 51 36 c
43 51 71 c
56 44 50 c
50 48 61 c
41 58 45 c
58 46 44 c
58 65 38 c
53 55 50 c
40 56 48 c
59 41 45 c
52 48 57 c
59 49 46 c
44 58 45 c
43 47 48 c
57 61 49 c
40 49 57 c
52 46 54 c
49 52 63 c
58 60 42 c
56 66 38 c
54 59 51 c
44 48 54 c
48 52 41 c
53 48 61 c
50 52 50 c
42 57 59 c
57 40 45 c
48 44 62 c
55 54 56 c
44 51 61 c
44 44 47 c
43 44 57 c
47 43 61 c
48 44 45 c
42 54 61 c
51 49 62 c
47 45 49 c
58 59 51 c
43 49 66 c
50 48 48 c
48 46 52 c
49 48 60 c
60 44 52 c
58 47 47 c
59 56 48 c
53 45 49 c
58 48 42 c
54 55 47 c
48 55 40 c
51 50 52 c
52 59 44 c
55 42 51 c
54 60 53 c
45 44 44 c
51 39 46 c
61 39 47 c
43 58 47 c
52 37 46 c
53 53 57 c
60 59 46 c
46 42 58 c
50 51 42 c
49 52 45 c
49 56 51 c
44 44 57 c
51 49 66 c
50 47 49 c
40 45 57 c
49 42 60 c
50 50 66 c
59 58 52 c
54 51 58 c
50 49 62 c
51 52 38 c
53 43 49 c
46 55 39 c
52 52 58 c
53 42 47 c
49 51 48 c
51 50 55 c
61 65 40 c
48 55 44 c
50 38 47 c
47 44 45 c
57 52 50 c
40 45 53 c
48 57 52 c
50 49 42 c
59 63 40 c
57 54 51 c
54 51 35 c
44 51 42 c
57 59 50 c
37 52 61 c
60 39 46 c
49 46 58 c
48 47 58 c
51 46 52 c
42 52 72 c
41 57 61 c
42 53 46 c
45 57 47 c
49 51 50 c
62 69 40 c
43 56 59 c
45 57 44 c
57 61 39 c
43 47 57 c
41 49 57 c
48 45 43 c
49 51 51 c
47 58 41 c
57 58 48 c
46 46 58 c
41 49 44 c
43 51 55 c
45 49 55 c
58 42 47 c
59 67 39 c
57 61 41 c
58 49 51 c
54 52 38 c
42 52 54 c
50 48 66 c
45 43 63 c
54 59 53 c
47 59 53 c
41 52 45 c
45 58 57 c
48 48 62 c
53 48 56 c
61 59 39 c
44 46 46 c
58 57 46 c
49 51 44 c
44 51 45 c
48 46 71 c
49 48 47 c
51 47 51 c
53 53 65 c
47 51 61 c
41 60 62 c
46 50 46 c
47 53 61 c
45 47 47 c
54 37 46 c
48 58 53 c
53 49 62 c
57 47 44 c
55 48 40 c
56 45 50 c
48 51 47 c
54 58 54 c
42 56 59 c
49 44 62 c
53 55 48 c
44 43 64 c
47 52 45 c
45 46 47 c
55 40 45 c
52 54 51 c
39 46 58 c
41 57 46 c
51 50 58 c
49 58 51 c
61 66 42 c
62 51 49 c
46 53 50 c
42 47 63 c
52 60 43 c
53 49 43 c
54 52 51 c
48 53 37 c
53 62 45 c
44 48 46 c
53 57 48 c
56 42 45 c
44 48 50 c
51 51 52 c
51 47 52 c
47 50 50 c
47 51 42 c
62 44 38 c
46 56 58 c
42 61 63 c
57 57 49 c
59 58 51 c
48 57 45 c
56 53 49 c
54 46 59 c
45 60 61 c
60 60 46 c
54 50 64 c
48 52 37 c
52 38 45 c
57 42 48 c
54 45 50 c
54 55 45 c
45 48 54 c
53 63 46 c
56 43 47 c
46 52 62 c
51 51 65 c
41 57 56 c
52 48 48 c
47 50 65 c
41 53 45 c
47 60 58 c
56 61 49 c
55 52 49 c
41 43 58 c
46 42 44 c
44 50 52 c
60 56 50 c
60 67 40 c
47 54 46 c
49 51 45 c
48 44 51 c
48 58 55 c
48 49 65 c
44 49 56 c
51 52 67 c
43 49 68 c
45 53 37 c
53 57 51 c
60 64 40 c
45 55 42 c
41 58 57 c
37 55 46 c
47 47 63 c
56 44 47 c
53 57 53 c
47 54 50 c
49 48 66 c
60 48 52 c
47 49 46 c
44 50 66 c
61 47 38 c
45 53 41 c
46 53 41 c
55 44 51 c
47 51 54 c
55 41 44 c
46 49 42 c
63 44 37 c
49 47 64 c
53 51 37 c
47 53 44 c
59 42 38 c
53 46 52 c
48 56 47 c
43 45 61 c
58 49 49 c
59 59 41 c
56 62 50 c
51 60 51 c
53 60 41 c
49 52 44 c
57 48 48 c
41 55 60 c
61 61 40 c
54 48 48 c
43 47 55 c
52 49 57 c
48 56 46 c
52 52 61 c
47 57 44 c
58 58 47 c
49 45 50 c
55 55 51 c
42 45 51 c
59 61 40 c
58 61 48 c
42 58 57 c
58 60 46 c
47 52 64 c
42 56 58 c
53 57 47 c
53 46 62 c
48 52 32 c
53 47 48 c
48 51 54 c
54 49 42 c
44 44 54 c
50 57 52 c
49 55 45 c
60 55 51 c
48 55 53 c
51 46 54 c
55 45 40 c
44 51 64 c
45 43 46 c
60 40 38 c
53 54 62 c
56 46 38 c
53 51 39 c
57 63 41 c
49 49 57 c
49 41 59 c
56 58 49 c
43 59 61 c
48 47 65 c
46 50 50 c
43 46 49 c
48 51 53 c
40 59 57 c
55 36 45 c
46 57 61 c
59 42 47 c
47 53 46 c
50 53 60 c
43 53 47 c
50 51 67 c
48 50 69 c
54 61 53 c
56 67 38 c
50 44 62 c
52 46 62 c
52 61 43 c
46 49 62 c
62 44 40 c
44 54 60 c
54 62 52 c
48 59 46 c
43 47 59 c
59 47 53 c
47 46 70 c
49 54 55 c
60 68 40 c
42 55 59 c
59 46 42 c
46 53 34 c
56 53 50 c
56 52 42 c
51 51 56 c
43 59 60 c
50 46 50 c
57 47 43 c
49 44 48 c
53 54 33 c
42 45 52 c
42 43 57 c
49 48 53 c
57 54 50 c
49 50 44 c
51 51 45 c
49 56 37 c
42 52 43 c
48 47 48 c
43 60 60 c
48 53 38 c
53 45 48 c
45 45 62 c
50 46 43 c
45 47 64 c
60 47 52 c
55 48 48 c
47 46 67 c
52 53 39 c
44 56 46 c
44 61 59 c
49 59 44 c
45 51 44 c
61 65 43 c
50 46 62 c
40 55 43 c
41 47 54 c
45 51 43 c
49 51 53 c
41 43 50 c
46 46 54 c
54 59 45 c
45 57 57 c
56 51 50 c
45 57 58 c
45 49 54 c
53 61 42 c
52 47 66 c
52 45 51 c
59 66 40 c
42 50 70 c
54 55 49 c
57 57 47 c
51 46 49 c
50 60 41 c
48 47 51 c
40 59 56 c
53 39 47 c
50 55 55 c
43 50 69 c
45 55 39 c
49 44 44 c
44 50 58 c
51 54 55 c
48 45 50 c
49 48 69 c
53 63 51 c
55 47 42 c
41 58 56 c
59 43 40 c
49 47 53 c
59 48 51 c
43 50 66 c
43 43 57 c
56 44 51 c
44 56 45 c
53 49 48 c
54 44 47 c
45 53 56 c
52 50 37 c
45 46 63 c
53 51 38 c
43 57 60 c
53 49 47 c
51 52 49 c
42 49 43 c
47 48 45 c
56 48 44 c
44 54 57 c
50 45 54 c
42 58 46 c
54 56 44 c
49 48 61 c
46 61 62 c
47 54 37 c
49 52 47 c
43 45 62 c
55 42 49 c
43 53 72 c
51 51 49 c
62 44 39 c
50 40 48 c
43 49 58 c
41 56 62 c
45 55 51 c
48 54 41 c
59 56 46 c
50 41 48 c
48 46 50 c
39 56 42 c
47 52 54 c
59 60 39 c
42 43 65 c
49 53 47 c
51 49 67 c
60 61 42 c
44 45 56 c
49 53 52 c
41 45 56 c
50 50 52 c
49 56 52 c
47 50 53 c
48 46 48 c
50 43 61 c
43 44 64 c
51 53 53 c
51 43 63 c
60 66 40 c
58 67 38 c
48 56 38 c
41 49 67 c
48 50 45 c
44 60 60 c
47 53 36 c
51 51 67 c
45 47 57 c
48 49 45 c
59 59 46 c
51 56 46 c
40 45 56 c
55 49 39 c
53 57 45 c
53 43 48 c
48 45 54 c
51 53 51 c
43 52 43 c
48 48 57 c
52 50 36 c
43 45 54 c
59 41 47 c
47 49 65 c
56 50 53 c
50 48 67 c
55 40 44 c
52 49 44 c
45 50 48 c
48 50 43 c
40 49 54 c
57 60 42 c
42 54 39 c
60 40 44 c
52 49 50 c
50 46 55 c
45 62 60 c
49 48 58 c
55 60 44 c
51 44 63 c
48 49 62 c
56 48 46 c
45 56 45 c
50 57 53 c
56 63 39 c
53 61 40 c
47 51 35 c
50 43 46 c
48 48 64 c
47 52 60 c
49 47 61 c
50 52 52 c
57 47 41 c
42 50 67 c
56 47 43 c
48 50 68 c
43 48 55 c
56 35 46 c
50 51 47 c
52 54 61 c
58 40 46 c
50 51 63 c
48 48 48 c
47 57 52 c
59 45 51 c
40 59 46 c
42 58 47 c
48 52 44 c
49 53 53 c
57 62 50 c
43 53 61 c
47 47 65 c
47 48 54 c
54 42 44 c
50 64 43 c
43 54 59 c
55 45 37 c
49 46 63 c
40 57 44 c
48 56 54 c
52 46 48 c
49 49 42 c
45 48 43 c
39 56 59 c
47 52 61 c
49 59 55 c
47 53 58 c
41 59 46 c
58 45 39 c
42 43 60 c
43 61 63 c
52 61 52 c
52 49 56 c
44 50 67 c
51 50 48 c
41 48 57 c
54 50 38 c
51 53 52 c
61 68 44 c
42 47 54 c
45 50 50 c
57 46 52 c
40 52 59 c
58 42 49 c
53 58 52 c
50 50 63 c
55 42 46 c
48 49 58 c
55 49 41 c
52 64 45 c
51 52 66 c
56 48 43 c
53 60 53 c
45 48 46 c
49 47 58 c
41 53 58 c
51 49 58 c
45 57 45 c
56 46 41 c
54 52 37 c
53 54 51 c
47 54 36 c
50 55 53 c
52 62 44 c
56 60 48 c
44 52 45 c
57 62 51 c
51 47 61 c
43 55 45 c
43 44 52 c
44 47 55 c
43 55 60 c
56 61 50 c
54 58 50 c
50 46 61 c
50 40 47 c
49 53 46 c
41 57 48 c
48 55 39 c
56 49 54 c
54 45 51 c
46 56 46 c
45 52 63 c
59 42 41 c
46 55 38 c
59 42 39 c
42 56 60 c
51 48 68 c
46 45 67 c
52 53 52 c
56 41 45 c
59 59 47 c
50 51 59 c
50 57 55 c
50 47 50 c
61 67 43 c
47 42 62 c
54 56 49 c
42 59 56 c
47 53 40 c
47 52 35 c
48 50 50 c
54 54 63 c
44 46 45 c
92 7 96 p
46 54 41 c
57 59 47 c
50 38 46 c
61 43 39 c
61 69 40 c
60 38 46 c
50 45 55 c
46 44 64 c
47 53 38 c
41 44 54 c
43 54 44 c
51 45 60 c
51 52 51 c
54 62 44 c
42 48 59 c
58 46 53 c
48 56 40 c
55 63 46 c
55 46 51 c
51 51 48 c
58 47 43 c
64 45 38 c
46 52 43 c
56 49 49 c
41 55 44 c
44 53 40 c
60 38 47 c
49 56 54 c
55 45 41 c
49 55 53 c
60 46 41 c
54 63 41 c
59 60 40 c
37 56 46 c
43 49 57 c
60 50 47 c
47 48 59 c
55 62 51 c
49 50 65 c
49 57 51 c
45 59 46 c
48 51 65 c
53 47 59 c
51 58 49 c
54 47 61 c
54 44 50 c
50 59 45 c
51 52 53 c
50 50 45 c
59 39 47 c
61 57 41 c
38 47 58 c
49 57 52 c
41 55 59 c
48 48 63 c
47 51 47 c
45 56 59 c
51 63 44 c
46 44 61 c
43 51 56 c
55 46 50 c
47 50 61 c
50 50 43 c
40 53 59 c
44 49 54 c
48 58 52 c
54 58 52 c
57 65 38 c
53 48 49 c
48 53 52 c
54 62 47 c
51 48 50 c
47 42 44 c
48 56 53 c
50 48 62 c
53 61 44 c
55 60 49 c
51 64 43 c
42 55 62 c
55 58 55 c
50 56 45 c
49 56 45 c
57 58 47 c
48 50 57 c
47 51 45 c
54 57 44 c
58 53 57 c
47 55 43 c
57 65 40 c
37 54 46 c
44 42 58 c
48 53 44 c
45 57 59 c
53 61 43 c
60 61 39 c
41 55 47 c
45 50 53 c
63 42 38 c
47 49 43 c
55 59 51 c
53 57 52 c
56 50 47 c
48 42 52 c
49 45 51 c
46 44 60 c
50 38 48 c
53 58 49 c
51 51 66 c
44 62 62 c
52 39 48 c
47 58 51 c
54 48 61 c
44 41 59 c
40 43 57 c
55 42 47 c
52 53 51 c
45 45 45 c
55 43 46 c
49 48 48 c
50 48 53 c
46 53 46 c
56 49 48 c
42 57 47 c
49 51 47 c
47 51 46 c
48 52 45 c
46 49 49 c
51 46 62 c
52 51 67 c
47 52 52 c
59 47 38 c
56 53 53 c
50 47 46 c
48 44 41 c
54 49 41 c
42 50 66 c
55 61 48 c
50 43 47 c
44 51 69 c
44 55 58 c
49 46 49 c
48 54 52 c
53 50 64 c
49 44 42 c
53 58 44 c
43 50 55 c
47 47 60 c
43 50 41 c
56 46 45 c
56 55 53 c
55 49 34 c
45 54 40 c
57 46 53 c
35 54 49 c
55 45 39 c
46 46 64 c
55 55 54 c
51 47 46 c
47 52 33 c
50 45 43 c
44 51 48 c
47 53 43 c
54 49 46 c
53 54 50 c
51 55 46 c
48 55 41 c
44 48 68 c
57 42 46 c
45 54 51 c
48 50 48 c
58 59 45 c
42 51 54 c
43 50 67 c
50 60 45 c
39 55 46 c
58 51 42 c
54 57 54 c
42 50 56 c
44 43 50 c
51 50 64 c
47 50 44 c
55 53 51 c
43 46 50 c
41 44 59 c
51 51 50 c
54 52 34 c
46 45 49 c
43 52 45 c
56 39 45 c
42 47 48 c
51 63 45 c
47 56 51 c
49 51 60 c
53 59 43 c
59 62 40 c
58 59 43 c
44 42 46 c
42 55 60 c
41 60 57 c
52 51 49 c
52 48 68 c
37 56 47 c
57 59 40 c
51 60 52 c
49 46 54 c
54 48 34 c
49 49 49 c
42 60 62 c
48 47 66 c
47 50 62 c
53 59 42 c
46 52 46 c
58 55 50 c
55 50 40 c
48 48 61 c
56 46 40 c
55 53 52 c
45 48 42 c
44 47 57 c
42 56 61 c
48 51 58 c
60 40 47 c
46 52 36 c
43 55 44 c
50 45 52 c
41 43 54 c
53 64 46 c
42 42 60 c
57 66 39 c
57 47 45 c
44 48 47 c
45 43 58 c
49 45 54 c
55 56 45 c
50 47 55 c
52 53 34 c
58 62 42 c
47 55 39 c
47 49 42 c
55 43 47 c
63 45 39 c
44 50 43 c
49 57 53 c
57 59 44 c
56 51 37 c
50 61 47 c
55 62 49 c
47 46 65 c
45 58 61 c
49 55 55 c
50 57 54 c
50 52 63 c
46 53 36 c
56 59 50 c
54 60 43 c
50 58 50 c
48 53 57 c
53 48 47 c
40 44 55 c
51 44 48 c
57 40 48 c
52 58 44 c
59 50 47 c
49 39 47 c
46 57 54 c
56 42 49 c
60 66 42 c
49 53 51 c
51 47 62 c
59 64 41 c
49 47 66 c
53 48 59 c
48 55 52 c
48 51 64 c
55 45 51 c
56 41 44 c
49 59 48 c
45 45 46 c
50 46 53 c
51 53 50 c
56 42 50 c
53 47 61 c
46 55 60 c
51 40 47 c
63 45 37 c
55 46 42 c
50 45 62 c
54 62 53 c
43 55 38 c
48 47 46 c
52 61 45 c
43 48 66 c
52 50 42 c
40 50 57 c
49 51 58 c
54 54 38 c
42 46 58 c
54 58 49 c
36 55 48 c
49 60 57 c
44 44 62 c
56 58 41 c
52 55 49 c
50 51 57 c
47 52 50 c
48 51 59 c
58 59 47 c
43 54 58 c
53 49 66 c
56 59 48 c
55 58 57 c
48 51 34 c
55 47 41 c
50 41 60 c
58 47 53 c
51 54 54 c
53 58 54 c
47 49 45 c
52 62 52 c
49 49 62 c
52 44 50 c
41 57 62 c
49 48 65 c
50 41 46 c
50 64 46 c
40 57 57 c
49 49 61 c
48 42 61 c
51 60 45 c
42 49 67 c
44 45 48 c
44 49 48 c
43 49 44 c
53 53 50 c
47 52 47 c
44 59 59 c
57 41 45 c
47 50 60 c
42 49 46 c
56 42 47 c
52 46 50 c
50 50 58 c
47 46 54 c
51 52 54 c
50 54 52 c
51 48 58 c
47 52 59 c
48 50 47 c
51 48 66 c
50 56 46 c
44 46 57 c
47 51 59 c
48 50 56 c
57 59 48 c
53 47 49 c
58 66 39 c
49 50 58 c
49 55 46 c
56 43 52 c
52 52 59 c
45 54 41 c
58 40 45 c
50 39 47 c
50 44 47 c
41 50 71 c
47 54 52 c
61 40 40 c
50 48 65 c
52 44 46 c
54 60 45 c
46 57 57 c
53 61 53 c
56 42 46 c
47 50 46 c
43 49 54 c
45 59 56 c
48 46 63 c
40 56 46 c
49 47 70 c
46 50 51 c
58 61 43 c
47 53 67 c
52 51 59 c
50 44 43 c
50 62 44 c
51 61 44 c
41 54 58 c
47 46 56 c
47 46 57 c
49 49 65 c
57 53 57 c
53 63 47 c
49 56 40 c
52 52 49 c
52 54 50 c
44 62 61 c
52 50 34 c
57 58 50 c
61 46 39 c
52 46 51 c
46 52 35 c
41 50 67 c
60 51 46 c
44 50 68 c
55 54 49 c
58 43 37 c
53 44 47 c
50 50 50 c
