Particle 100000 1000 600
./pthread/main_linear_fully.o 2
4.569461
4.543991
4.701180
4.863505
4.721702
4.712755
4.646657
4.701284
4.755614
4.820677
./pthread/main_linear_fully.o 4
3.284661
3.568788
3.418461
3.223499
3.168408
3.148390
3.157149
3.150799
3.155484
3.159256
./pthread/main_linear_fully.o 8
3.063689
3.073849
3.070627
3.070059
3.070811
3.074241
3.236811
3.221225
3.240571
3.220869
./pthread/main_linear_fully.o 16
3.465498
3.478787
3.457630
3.457287
3.457442
3.450195
3.463575
3.460224
3.454185
3.455520
./pthread/main_linear_fully.o 32
3.478753
3.474165
3.468786
3.477991
3.460504
3.476063
3.464961
3.482976
3.468164
3.464311
./omp/main_linear_fully.o 2
2.919403
2.865902
2.852316
2.867135
2.871507
2.857764
2.861292
2.876375
2.904541
2.884483
./omp/main_linear_fully.o 4
1.763224
1.788759
1.808601
1.794020
1.785074
1.789711
1.790229
1.786242
1.795868
1.785670
./omp/main_linear_fully.o 8
1.692782
1.703905
1.711865
1.696445
1.722523
1.908698
1.703306
1.700671
1.699247
1.713367
./omp/main_linear_fully.o 16
2.389872
2.388874
2.384057
2.371777
2.383216
2.382957
2.387615
2.388990
2.388160
2.393308
./omp/main_linear_fully.o 32
2.438704
2.452791
2.449738
2.447133
2.448769
2.427614
2.451797
2.442994
2.444508
2.439686
Particle 200000 1000 600
./pthread/main_linear_fully.o 2
7.530404
7.526898
7.613678
7.560852
7.527693
7.535529
7.589683
7.576176
7.544750
7.558745
./pthread/main_linear_fully.o 4
5.520765
5.462524
5.426905
5.426332
5.421054
5.465398
5.440521
5.459226
5.493370
5.454660
./pthread/main_linear_fully.o 8
5.976497
5.975021
5.978865
6.045226
5.964772
5.986283
5.975962
5.989528
6.001343
5.967830
./pthread/main_linear_fully.o 16
6.153859
6.145372
6.143727
6.139462
6.141884
6.131568
6.148691
6.137993
6.154944
6.150968
./pthread/main_linear_fully.o 32
6.294829
6.281108
6.271954
6.290758
6.276110
6.276947
6.281854
6.278701
6.287343
6.285486
./omp/main_linear_fully.o 2
5.320016
5.300095
5.313274
5.317232
5.326340
5.301114
5.313349
5.317003
5.317004
5.297177
./omp/main_linear_fully.o 4
3.453828
3.501248
3.484571
3.517417
3.477617
3.492438
3.478088
3.495200
3.472153
3.490278
./omp/main_linear_fully.o 8
3.338714
3.388257
3.357553
3.372573
3.349775
3.383689
3.353109
3.368895
3.353523
3.378029
./omp/main_linear_fully.o 16
3.974996
3.966214
3.964904
3.982420
3.987674
3.985099
3.975386
3.983121
3.964213
3.972039
./omp/main_linear_fully.o 32
4.127013
4.130420
4.142648
4.129876
4.128893
4.130148
4.137456
4.131018
4.124932
4.119146
Particle 300000 1000 600
./pthread/main_linear_fully.o 2
10.023569
10.050004
10.085309
10.261640
10.063930
10.249709
10.044633
10.112785
10.217104
10.066858
./pthread/main_linear_fully.o 4
7.094248
7.095548
7.105630
7.092079
7.250728
7.103022
7.088986
7.084754
7.331362
7.233593
./pthread/main_linear_fully.o 8
8.072312
8.073993
8.019278
8.026050
8.035818
7.991747
8.012264
7.985355
8.029783
8.050282
./pthread/main_linear_fully.o 16
8.259121
8.255948
8.252464
8.275898
8.267287
8.269114
8.265372
8.256949
8.258034
8.266932
./pthread/main_linear_fully.o 32
8.470698
8.462585
8.464015
8.458802
8.459563
8.452827
8.469087
8.465567
8.476228
8.475851
./omp/main_linear_fully.o 2
7.646392
7.589935
7.593776
7.676354
7.591575
7.621794
7.594916
7.618398
7.600538
7.610781
./omp/main_linear_fully.o 4
4.957918
4.952832
4.939218
4.945397
4.950023
4.949211
4.944770
4.949545
4.931523
4.949757
./omp/main_linear_fully.o 8
4.589751
4.605936
4.588002
4.612399
4.580443
4.602907
4.587933
4.604890
4.576843
4.625219
./omp/main_linear_fully.o 16
5.273009
5.276564
5.279532
5.281680
5.275581
5.287415
5.275903
5.285878
5.285607
5.310890
./omp/main_linear_fully.o 32
5.516065
5.514681
5.510835
5.510068
5.514568
5.515187
5.516909
5.516782
5.520990
5.521576
Particle 400000 1000 600
./pthread/main_linear_fully.o 2
12.739904
12.681315
12.721679
12.712597
12.715105
12.826110
12.727730
12.689325
12.703508
12.698789
./pthread/main_linear_fully.o 4
8.843563
8.982148
8.933756
8.878851
8.863733
8.913972
8.942446
8.886168
8.871668
8.850397
./pthread/main_linear_fully.o 8
9.904901
9.894724
9.944420
9.914265
9.989273
9.926696
9.868261
9.891859
9.895090
9.917827
./pthread/main_linear_fully.o 16
10.060122
10.036803
10.026983
10.060950
10.040037
10.029897
10.052813
10.032096
10.052015
10.014105
./pthread/main_linear_fully.o 32
10.292608
10.284181
10.292875
10.312910
10.313382
10.294360
10.280740
10.297196
10.306147
10.292298
./omp/main_linear_fully.o 2
10.005789
10.033138
10.024145
10.106074
10.016595
9.991651
10.017709
9.996024
9.987392
10.006097
./omp/main_linear_fully.o 4
6.499032
6.523393
6.520365
6.575004
6.513245
6.529137
6.522713
6.525836
6.513974
6.526265
./omp/main_linear_fully.o 8
5.821463
5.819836
5.824163
5.830222
5.823515
5.809545
5.822492
5.806582
5.828572
5.836203
./omp/main_linear_fully.o 16
6.547219
6.543950
6.547047
6.543400
6.547940
6.546199
6.551643
6.553582
6.540171
6.544217
./omp/main_linear_fully.o 32
6.811261
6.818336
6.825557
6.812307
6.809793
6.804726
6.810018
6.813042
6.805026
6.823628
Particle 500000 1000 600
./pthread/main_linear_fully.o 2
15.485404
15.216492
15.125993
15.250946
15.129875
15.240157
15.159539
15.082496
15.101831
15.203730
./pthread/main_linear_fully.o 4
10.556267
10.611257
10.785559
10.577953
10.583702
10.601735
10.560952
10.617572
10.589169
10.571545
./pthread/main_linear_fully.o 8
11.551204
11.302732
11.384552
11.514410
11.292453
11.445167
11.410996
11.406303
11.355885
11.476482
./pthread/main_linear_fully.o 16
11.752265
11.728207
11.749265
11.754762
11.768298
11.767220
11.752395
11.749350
11.739877
11.730947
./pthread/main_linear_fully.o 32
12.068274
12.021174
12.025279
12.022716
12.053436
12.033368
12.064596
12.047968
12.009659
12.071998
./omp/main_linear_fully.o 2
12.295799
12.282825
12.294405
12.291773
12.288088
12.306693
12.257536
12.313797
12.280182
12.315208
./omp/main_linear_fully.o 4
8.072709
8.088180
8.083169
8.097393
8.076260
8.096776
8.082291
8.080417
8.103145
8.073278
./omp/main_linear_fully.o 8
7.029372
7.049535
7.038686
7.041293
7.038371
7.056900
7.063154
7.030000
7.030002
7.023475
./omp/main_linear_fully.o 16
7.778088
7.768635
7.761115
7.772355
7.762724
7.768168
7.767931
7.773295
7.777913
7.765960
./omp/main_linear_fully.o 32
8.051006
8.066242
8.053499
8.063819
8.060281
8.087388
8.073476
8.062575
8.063077
8.060933
Particle 600000 1000 600
./pthread/main_linear_fully.o 2
16.240417
16.081481
16.038620
16.054108
16.202264
16.061009
16.072833
16.044879
16.205321
16.070397
./pthread/main_linear_fully.o 4
11.870076
12.026344
11.992588
11.979609
12.027644
11.911377
11.964145
11.925500
11.943611
11.921346
./pthread/main_linear_fully.o 8
12.571339
12.710955
12.639838
12.554592
12.708271
12.664961
12.641930
12.731675
12.730278
12.681141
./pthread/main_linear_fully.o 16
12.760593
12.755209
12.749089
12.790366
12.752407
12.721481
12.769524
12.753136
12.799491
12.729046
./pthread/main_linear_fully.o 32
12.928757
12.921167
12.906102
12.930410
12.944713
12.910860
12.900967
12.983291
12.917876
12.930645
./omp/main_linear_fully.o 2
14.385098
13.688460
13.864688
13.869745
13.807714
13.849565
13.850839
13.855524
13.811983
13.869846
./omp/main_linear_fully.o 4
9.503342
9.513989
9.519239
9.508914
9.503195
9.501949
9.522158
9.511320
9.501717
9.513266
./omp/main_linear_fully.o 8
8.172034
8.193680
8.167419
8.191273
8.173211
8.180259
8.194318
8.196202
8.194403
8.186250
./omp/main_linear_fully.o 16
8.572344
8.563654
8.574009
8.582600
8.587283
8.590544
8.575911
8.580510
8.575744
8.583908
./omp/main_linear_fully.o 32
8.836852
8.828827
8.839797
8.836425
8.845397
8.846822
8.837497
8.847767
8.835457
8.841610
Particle 700000 1000 600
./pthread/main_linear_fully.o 2
17.998706
17.853131
17.811440
17.808265
18.019912
17.806855
17.788655
18.291900
17.952672
18.293192
./pthread/main_linear_fully.o 4
12.962152
13.000730
12.936978
13.112443
12.956427
12.941239
12.946526
12.986066
13.011220
13.054587
./pthread/main_linear_fully.o 8
14.059003
14.016683
14.004695
13.771795
13.841547
14.063303
14.110714
13.783221
13.846696
13.882625
./pthread/main_linear_fully.o 16
13.915269
13.920856
13.853927
13.870134
13.908799
13.966541
13.898825
13.927650
13.862213
13.912180
./pthread/main_linear_fully.o 32
13.943851
13.996263
13.983748
13.973333
13.977632
13.964279
14.021201
13.974533
13.972381
13.973911
./omp/main_linear_fully.o 2
16.291725
15.492621
15.638117
15.644451
15.600401
15.697903
15.624041
16.159646
15.520493
15.616225
./omp/main_linear_fully.o 4
10.757267
10.766686
10.759984
10.765676
10.769183
10.775031
10.764364
10.764821
10.757777
10.759719
./omp/main_linear_fully.o 8
9.127922
9.154980
9.143049
9.134955
9.140281
9.155743
9.143773
9.142876
9.129979
9.152980
./omp/main_linear_fully.o 16
9.470797
9.459550
9.461191
9.462345
9.465426
9.477042
9.462435
9.462249
9.472454
9.458301
./omp/main_linear_fully.o 32
9.660786
9.685234
9.690809
9.690513
9.680299
9.685288
9.691023
9.674397
9.681616
9.677583
Particle 800000 1000 600
./pthread/main_linear_fully.o 2
20.572120
19.744023
20.032429
19.848672
20.020504
19.803868
20.137130
20.366379
19.708884
19.972640
./pthread/main_linear_fully.o 4
14.321421
14.301619
14.305393
14.313764
14.394990
14.326942
14.333028
14.315625
14.432833
14.318337
./pthread/main_linear_fully.o 8
15.488019
15.481462
15.143906
15.217684
15.558736
15.298208
15.163009
15.324133
15.306121
15.182059
./pthread/main_linear_fully.o 16
15.268602
15.328716
15.321246
15.324467
15.263637
15.369521
15.267129
15.272984
15.305427
15.239960
./pthread/main_linear_fully.o 32
15.413145
15.411904
15.409841
15.411439
15.412351
15.433429
15.425415
15.418177
15.418812
15.422995
./omp/main_linear_fully.o 2
17.651501
17.475633
17.559171
17.486664
17.544598
17.480362
17.467737
17.524889
17.459068
18.115747
./omp/main_linear_fully.o 4
11.935790
12.172869
12.126022
12.129936
12.098281
12.136080
12.106957
12.110630
12.119450
12.139797
./omp/main_linear_fully.o 8
10.264030
10.278145
10.251808
10.273930
10.266736
10.259086
10.258389
10.259820
10.269598
10.285431
./omp/main_linear_fully.o 16
10.517145
10.532371
10.536671
10.537329
10.543218
10.551018
10.548351
10.535774
10.542977
10.528182
./omp/main_linear_fully.o 32
10.761888
10.768432
10.754983
10.761847
10.742303
10.752816
10.757230
10.757507
10.763133
10.767432
Particle 900000 1000 600
./pthread/main_linear_fully.o 2
21.866189
21.786413
21.801080
21.899828
21.844346
22.238358
21.857934
21.771285
21.874647
21.833628
./pthread/main_linear_fully.o 4
15.680608
15.720159
15.682209
15.626134
15.645245
15.769115
15.683163
15.650156
15.754896
15.647064
./pthread/main_linear_fully.o 8
16.484619
16.698835
16.645304
16.426997
16.605298
16.664943
16.458357
16.443867
16.482683
16.645122
./pthread/main_linear_fully.o 16
16.794490
16.859946
16.775887
16.781429
16.776907
16.783585
16.796369
16.838103
16.746020
16.795816
./pthread/main_linear_fully.o 32
16.960202
16.934363
16.932716
16.917702
16.933402
16.948887
16.918487
16.923496
16.923151
16.923724
./omp/main_linear_fully.o 2
19.363844
19.423764
19.396113
19.412002
19.398641
19.388246
19.380894
19.361948
19.398536
19.338071
./omp/main_linear_fully.o 4
13.410970
13.432722
13.437969
13.413650
13.426406
13.434208
13.437007
13.440597
13.433774
13.432079
./omp/main_linear_fully.o 8
11.173969
11.199145
11.173004
11.183427
11.189227
11.184750
11.241204
11.162175
11.167584
11.168386
./omp/main_linear_fully.o 16
11.677032
11.646618
11.657468
11.654861
11.634050
11.653708
11.646130
11.659090
11.641362
11.668064
./omp/main_linear_fully.o 32
11.863857
11.870873
11.894748
11.875305
11.873684
11.885257
11.874404
11.884993
11.891843
11.874277
Particle 1000000 1000 600
./pthread/main_linear_fully.o 2
23.826066
23.747515
24.089378
24.740150
23.848113
24.698171
23.782222
23.706435
23.788350
23.744975
./pthread/main_linear_fully.o 4
16.797580
16.799423
16.811749
16.910126
16.788676
16.800048
16.787583
16.763021
16.814557
16.803331
./pthread/main_linear_fully.o 8
17.578906
17.630338
17.583148
17.603884
17.841260
17.874079
17.519902
17.863194
17.844272
17.742584
./pthread/main_linear_fully.o 16
17.988040
17.991931
17.958336
17.980938
18.014255
17.983678
17.921721
18.003275
17.961844
18.024458
./pthread/main_linear_fully.o 32
18.224967
18.264799
18.251054
18.268535
18.230286
18.258432
18.312331
18.270585
18.301078
18.292612
./omp/main_linear_fully.o 2
22.284638
21.050765
21.210742
21.234957
22.115500
21.024496
21.085937
21.167295
21.174021
21.090317
./omp/main_linear_fully.o 4
14.593793
14.633760
14.623003
14.612602
14.625325
14.719323
14.637692
14.710583
14.640812
14.637115
./omp/main_linear_fully.o 8
12.111295
12.129706
12.239052
12.125097
12.118963
12.120104
12.147459
12.115673
12.113217
12.105916
./omp/main_linear_fully.o 16
12.723302
12.718230
12.716338
12.705320
12.722128
12.719217
12.706295
12.716959
12.728864
12.737928
./omp/main_linear_fully.o 32
12.907056
12.934145
12.923076
12.914875
12.915625
12.922252
12.936451
12.929802
12.915435
12.910831
Grid 28000 200 600 100 100
./pthread/main_linear_fully.o 2
0.260546
0.258860
0.259058
0.259113
0.261599
0.260972
0.260572
0.266425
0.262332
0.260471
./pthread/main_linear_fully.o 4
0.225662
0.227419
0.227009
0.227121
0.228689
0.227116
0.227988
0.227383
0.227830
0.227664
./pthread/main_linear_fully.o 8
0.213314
0.218678
0.215952
0.209105
0.211154
0.210548
0.208610
0.205676
0.209780
0.206391
./pthread/main_linear_fully.o 16
0.250445
0.246665
0.249901
0.250670
0.250485
0.251965
0.244549
0.249141
0.249053
0.250723
./pthread/main_linear_fully.o 32
0.266170
0.266309
0.274076
0.275437
0.267501
0.266712
0.267119
0.272087
0.266117
0.269633
./omp/main_linear_fully.o 2
0.267240
0.265609
0.266736
0.265496
0.265790
0.266119
0.266474
0.265074
0.267578
0.268130
./omp/main_linear_fully.o 4
0.225855
0.226013
0.227688
0.232491
0.231415
0.226249
0.226574
0.227365
0.226598
0.226863
./omp/main_linear_fully.o 8
0.207490
0.207539
0.207661
0.208148
0.207843
0.207730
0.208152
0.208520
0.208969
0.208262
./omp/main_linear_fully.o 16
0.250983
0.251351
0.251204
0.250412
0.251120
0.259200
0.253522
0.257249
0.249557
0.249873
./omp/main_linear_fully.o 32
0.297872
0.300206
0.298002
0.301057
0.300130
0.297591
0.301427
0.297135
0.296055
0.297432
Grid 112000 400 600 200 200
./pthread/main_linear_fully.o 2
1.854569
1.865183
1.738257
1.727588
1.727625
1.810644
1.731803
1.748501
1.757070
1.753111
./pthread/main_linear_fully.o 4
1.321780
1.346821
1.321317
1.325508
1.316091
1.319521
1.326510
1.344590
1.333110
1.317248
./pthread/main_linear_fully.o 8
1.229238
1.194025
1.199584
1.193070
1.199164
1.203502
1.264891
1.302778
1.276593
1.186797
./pthread/main_linear_fully.o 16
1.339159
1.346523
1.324580
1.343788
1.336371
1.336057
1.336425
1.338596
1.340258
1.348813
./pthread/main_linear_fully.o 32
1.408341
1.390447
1.402629
1.414625
1.414176
1.407961
1.404293
1.413493
1.405405
1.406099
./omp/main_linear_fully.o 2
1.653195
1.673895
1.766196
1.664757
1.678880
1.671067
1.760005
1.663709
1.759561
1.824607
./omp/main_linear_fully.o 4
1.272089
1.279650
1.275129
1.280107
1.276857
1.278462
1.360730
1.447836
1.441657
1.434881
./omp/main_linear_fully.o 8
1.245300
1.245079
1.242471
1.247028
1.244954
1.234472
1.228634
1.238669
1.234305
1.242060
./omp/main_linear_fully.o 16
1.409609
1.407859
1.408907
1.405776
1.406408
1.402565
1.392620
1.410249
1.395056
1.397694
./omp/main_linear_fully.o 32
1.426865
1.435952
1.431793
1.433213
1.435730
1.428735
1.429606
1.422027
1.430251
1.437174
Grid 252000 600 600 300 300
./pthread/main_linear_fully.o 2
5.329336
5.258941
5.271514
5.269738
5.307656
5.267376
5.283867
5.275028
5.267639
5.383907
./pthread/main_linear_fully.o 4
3.890147
3.922391
3.966182
3.964947
4.012075
4.000634
3.928278
3.958993
3.963327
3.904225
./pthread/main_linear_fully.o 8
4.055946
4.045435
3.867377
3.979257
3.983430
3.937869
4.064543
4.011636
4.056248
4.123408
./pthread/main_linear_fully.o 16
4.047125
4.069527
4.051092
4.066781
4.056046
4.060336
4.054711
4.054852
4.057709
4.066242
./pthread/main_linear_fully.o 32
4.209144
4.217478
4.201930
4.215228
4.217917
4.215795
4.208788
4.222592
4.210782
4.226543
./omp/main_linear_fully.o 2
4.908314
4.901165
4.887848
4.913219
5.088589
4.900540
5.083871
4.855856
4.912633
4.893974
./omp/main_linear_fully.o 4
3.512757
3.563008
3.536948
3.539568
3.530396
3.538728
3.538944
3.535953
3.534863
3.537234
./omp/main_linear_fully.o 8
2.936230
2.923206
2.930043
2.924824
2.928981
2.940521
2.938069
2.931117
2.930328
2.935571
./omp/main_linear_fully.o 16
3.295178
3.312139
3.293270
3.296558
3.299026
3.302797
3.290011
3.302216
3.299070
3.304709
./omp/main_linear_fully.o 32
3.414538
3.435596
3.415286
3.422895
3.420889
3.415893
3.420575
3.424658
3.419797
3.424766
Grid 448000 800 600 400 400
./pthread/main_linear_fully.o 2
10.580359
10.526957
10.626802
10.558898
10.523767
10.523421
10.543535
10.538716
10.559027
10.539776
./pthread/main_linear_fully.o 4
7.669260
7.688677
7.670464
7.677731
7.673119
7.661534
7.671324
7.655621
7.685850
7.688373
./pthread/main_linear_fully.o 8
8.027703
8.055287
8.270552
8.138500
8.332116
8.096615
8.271818
8.107190
8.083109
8.226880
./pthread/main_linear_fully.o 16
8.106099
8.134963
8.123132
8.115036
8.149964
8.129240
8.120979
8.148086
8.154233
8.133198
./pthread/main_linear_fully.o 32
8.256470
8.257398
8.288163
8.271873
8.265443
8.268563
8.261969
8.254909
8.273030
8.260099
./omp/main_linear_fully.o 2
9.493134
9.457573
9.494539
9.487402
9.475490
9.461849
9.482551
9.466259
9.490602
9.459406
./omp/main_linear_fully.o 4
6.702978
6.711107
6.704967
6.708255
6.712217
6.712761
6.706643
6.707374
6.719928
6.712362
./omp/main_linear_fully.o 8
5.527411
5.534092
5.556781
5.518606
5.535284
5.523349
5.535468
5.533480
5.525399
5.533144
./omp/main_linear_fully.o 16
5.900917
5.892044
5.898369
5.896323
5.899792
5.894032
5.893841
5.895630
5.901352
5.891848
./omp/main_linear_fully.o 32
6.090349
6.101644
6.093253
6.083290
6.083649
6.091802
6.092235
6.080311
6.100224
6.079909
Grid 700000 1000 600 500 500
./pthread/main_linear_fully.o 2
17.910763
17.930661
18.027475
17.830827
17.825108
17.826982
17.909746
17.844881
18.001409
17.827638
./pthread/main_linear_fully.o 4
12.939423
13.143710
13.038548
13.165387
13.169522
13.104650
12.967757
13.110063
12.988621
12.988235
./pthread/main_linear_fully.o 8
13.854319
13.864574
13.656146
13.933134
13.955570
14.084350
13.908852
13.849357
13.926854
14.225955
./pthread/main_linear_fully.o 16
13.825057
13.911297
13.860817
13.925808
13.939103
13.941843
13.921953
13.919769
13.888555
13.871570
./pthread/main_linear_fully.o 32
13.976375
13.959173
13.998710
14.041313
14.024171
14.019100
14.035686
13.976125
14.023649
14.018208
./omp/main_linear_fully.o 2
15.797203
15.663830
15.637880
15.664052
15.627525
15.652639
15.747716
16.200230
15.537206
15.584475
./omp/main_linear_fully.o 4
10.743962
10.765871
10.776559
10.762653
10.751108
10.762030
10.770905
10.750591
10.769071
10.768397
./omp/main_linear_fully.o 8
9.145147
9.144204
9.149556
9.164785
9.149457
9.168908
9.152068
9.150509
9.150925
9.164971
./omp/main_linear_fully.o 16
9.483428
9.456918
9.458534
9.452244
9.466866
9.473402
9.467149
9.457341
9.484988
9.474998
./omp/main_linear_fully.o 32
9.672403
9.686943
9.681879
9.690124
9.674665
9.685291
9.675779
9.678479
9.682978
9.669770
Grid 1008000 1200 600 600 600
./pthread/main_linear_fully.o 2
27.321017
27.997611
27.415002
27.452461
27.826938
27.341189
27.510831
27.284485
27.337368
27.444902
./pthread/main_linear_fully.o 4
20.374575
20.295163
20.244011
20.322724
20.310959
20.558999
20.567186
20.375127
20.369341
20.337454
./pthread/main_linear_fully.o 8
21.763925
21.520806
21.449390
21.430890
21.298982
21.479496
21.224452
21.562791
21.368203
21.335966
./pthread/main_linear_fully.o 16
21.363512
21.463328
21.397066
21.458224
21.443151
21.459390
21.395222
21.447798
21.459542
21.450291
./pthread/main_linear_fully.o 32
21.561730
21.545119
21.574154
21.540164
21.565473
21.558846
21.606688
21.534541
21.608228
21.565873
./omp/main_linear_fully.o 2
23.295882
22.988798
23.023230
23.762738
22.976402
23.013679
23.763705
22.908186
23.076663
22.979469
./omp/main_linear_fully.o 4
15.793772
15.783340
15.756543
15.772582
15.798548
15.754225
15.783233
15.798495
15.789670
15.799064
./omp/main_linear_fully.o 8
13.741692
13.744495
13.745188
13.770381
13.775255
13.751232
13.775423
13.753097
13.796111
13.747540
./omp/main_linear_fully.o 16
13.953867
13.906073
13.921555
13.931638
13.919682
13.920878
13.924514
13.957562
13.922609
13.922487
./omp/main_linear_fully.o 32
14.123929
14.133074
14.126153
14.134106
14.143480
14.147653
14.141912
14.138879
14.158698
14.145631
Grid 1372000 1400 600 700 700
./pthread/main_linear_fully.o 2
39.667879
39.670352
39.770291
39.540623
40.014073
39.636750
39.688176
39.992130
39.676587
39.565767
./pthread/main_linear_fully.o 4
31.679841
30.398190
30.588132
30.417987
30.264011
30.399633
30.266201
30.480447
30.536967
30.296924
./pthread/main_linear_fully.o 8
31.242462
31.168606
31.236242
31.174882
31.267172
31.486541
31.205375
31.503011
31.346356
31.383107
./pthread/main_linear_fully.o 16
31.418151
31.471262
31.465696
31.390111
31.443219
31.410702
31.504393
31.390632
31.476190
31.457657
./pthread/main_linear_fully.o 32
31.484490
31.393870
31.373667
31.388965
31.354725
31.351267
31.334515
31.316829
31.424195
31.350985
./omp/main_linear_fully.o 2
32.074680
32.056788
32.110654
32.025070
31.997743
31.998525
32.040720
32.056226
32.005786
32.021838
./omp/main_linear_fully.o 4
21.813342
21.833491
21.861028
21.857717
21.932000
21.851389
21.905504
21.881787
21.855586
21.817953
./omp/main_linear_fully.o 8
19.399873
19.405283
19.395900
19.420926
19.388792
19.425974
19.431739
19.428915
19.471666
19.469524
./omp/main_linear_fully.o 16
19.388800
19.409019
19.380726
19.360093
19.378013
19.411021
19.421148
19.401555
19.405816
19.393110
./omp/main_linear_fully.o 32
19.663170
19.663895
19.669505
19.670257
19.628320
19.667120
19.660874
19.686672
19.671459
19.663843
Grid 1792000 1600 600 800 800
./pthread/main_linear_fully.o 2
55.614545
55.452105
55.574637
55.500764
55.610720
55.570826
55.403436
55.497072
55.373693
55.538263
./pthread/main_linear_fully.o 4
43.719367
43.753614
43.862323
43.853302
43.938394
43.790741
43.730724
43.801875
43.838431
43.992927
./pthread/main_linear_fully.o 8
44.177057
43.487987
43.434463
43.811510
43.510079
43.660181
43.474927
43.576196
43.280867
43.620222
./pthread/main_linear_fully.o 16
43.894868
43.777163
44.014673
44.068003
43.858939
43.918098
43.976245
43.921319
43.828557
43.893219
./pthread/main_linear_fully.o 32
44.041927
44.010835
44.074948
43.927563
44.083948
43.982645
43.998094
44.032031
44.040168
44.021048
./omp/main_linear_fully.o 2
42.541042
42.651205
42.581919
42.619996
42.587620
42.537969
42.526214
42.536910
42.505102
42.518127
./omp/main_linear_fully.o 4
29.182063
29.066810
29.168514
29.126269
29.162963
29.158794
29.223121
29.116247
29.171505
29.172655
./omp/main_linear_fully.o 8
26.700310
26.610283
26.651740
26.575443
26.665327
26.653655
26.712524
26.577599
26.682934
26.652698
./omp/main_linear_fully.o 16
26.526778
26.557755
26.548715
26.496269
26.515525
26.555011
26.578834
26.544583
26.493273
26.531915
./omp/main_linear_fully.o 32
26.696187
26.682483
26.688711
26.681197
26.744743
26.691932
26.700830
26.686126
26.733169
26.678756
Grid 2268000 1800 600 900 900
./pthread/main_linear_fully.o 2
74.671234
74.612199
74.575911
76.219413
74.556091
74.429381
74.533074
76.301581
74.444732
74.686626
./pthread/main_linear_fully.o 4
59.930482
59.997977
60.156160
59.927986
59.901603
59.918355
59.958453
59.992035
60.007167
59.933143
./pthread/main_linear_fully.o 8
57.888074
57.933233
57.506346
57.932687
57.858725
58.229976
57.812449
57.684986
57.564223
57.589601
./pthread/main_linear_fully.o 16
58.299254
58.328003
58.427025
58.403581
58.252127
58.352857
58.524020
58.419018
58.329816
58.483764
./pthread/main_linear_fully.o 32
58.996689
58.645287
58.691361
58.668390
58.773547
58.770854
58.698334
59.095956
58.613842
58.721815
./omp/main_linear_fully.o 2
54.169781
54.146162
54.193554
54.162695
54.255853
54.108263
54.193881
54.133808
54.178299
54.036441
./omp/main_linear_fully.o 4
37.050627
36.992093
37.058378
37.045705
37.082144
37.044572
37.087061
36.989363
37.066693
37.001015
./omp/main_linear_fully.o 8
33.883516
33.801977
33.844761
33.763784
33.728820
33.861009
33.779165
33.894084
33.810232
33.796231
./omp/main_linear_fully.o 16
33.780520
33.864385
33.819704
33.854449
33.864301
33.863073
33.884021
33.894730
33.800511
33.861685
./omp/main_linear_fully.o 32
33.981189
33.953677
34.047565
33.988931
33.977988
34.031436
33.995495
34.041033
34.035484
33.959999
Grid 2800000 2000 600 1000 1000
./pthread/main_linear_fully.o 2
97.911752
98.031794
97.795468
97.845943
99.298326
97.853726
97.996420
97.898579
99.262709
97.733801
./pthread/main_linear_fully.o 4
80.088245
79.896659
79.953942
79.898829
79.853554
79.887577
79.882897
79.983980
79.887316
79.979228
./pthread/main_linear_fully.o 8
74.795249
74.918893
74.559255
74.707350
74.964760
74.538151
74.878200
75.267924
74.497955
75.068680
./pthread/main_linear_fully.o 16
75.777892
75.780103
75.438490
75.745625
75.701837
75.685599
75.596925
75.737030
75.434842
75.715823
./pthread/main_linear_fully.o 32
76.236290
76.332437
76.270011
76.334136
76.326989
76.136116
76.241483
76.343781
76.231668
76.260126
./omp/main_linear_fully.o 2
67.696509
67.707982
67.679634
67.764370
67.665414
67.641907
67.659931
67.513829
67.471874
67.553124
./omp/main_linear_fully.o 4
46.164305
46.095559
46.203736
46.146201
46.204866
46.197628
46.199433
46.229388
46.176188
46.196331
./omp/main_linear_fully.o 8
42.733401
42.646067
42.776889
42.628896
43.372099
47.682390
43.601868
42.719670
42.839724
42.691479
./omp/main_linear_fully.o 16
42.636135
42.683147
42.690597
42.713548
42.640905
42.612173
42.667388
42.572715
42.692113
42.786663
./omp/main_linear_fully.o 32
43.082615
43.137736
43.126674
43.090335
43.119990
43.108922
43.113666
43.132601
43.143310
43.105442
Iteration 700000 1000 200 500 500
./pthread/main_linear_fully.o 2
5.466725
5.836847
5.823243
5.743289
5.835476
6.009342
5.793109
5.931646
6.134297
5.792627
./pthread/main_linear_fully.o 4
4.542716
4.111334
4.025186
4.034029
4.044030
4.046761
4.027217
4.044738
4.041543
4.073770
./pthread/main_linear_fully.o 8
4.260467
4.276872
4.239256
4.283390
4.276319
4.367069
4.571739
4.557858
4.525162
4.525990
./pthread/main_linear_fully.o 16
4.561450
4.563676
4.547706
4.555473
4.544758
4.573351
4.532064
4.563505
4.557099
4.552625
./pthread/main_linear_fully.o 32
4.655193
4.668128
4.653357
4.655555
4.667213
4.676105
4.659713
4.661634
4.656470
4.667575
./omp/main_linear_fully.o 2
5.506379
5.470912
5.479449
5.483408
5.478118
5.482482
5.487411
5.518448
5.495684
5.481891
./omp/main_linear_fully.o 4
3.636743
3.697614
3.671691
3.681751
3.668413
3.684445
3.680436
3.684487
3.668463
3.682604
./omp/main_linear_fully.o 8
3.108332
3.117873
3.108256
3.126180
3.110273
3.146584
3.105436
3.123946
3.108557
3.118120
./omp/main_linear_fully.o 16
3.292592
3.301984
3.280540
3.285566
3.283283
3.297667
3.281016
3.304096
3.282590
3.297142
./omp/main_linear_fully.o 32
3.366218
3.382849
3.371323
3.391475
3.376702
3.381757
3.376961
3.377040
3.373728
3.375749
Iteration 700000 1000 400 500 500
./pthread/main_linear_fully.o 2
12.267503
12.202572
12.165965
12.188958
12.172426
12.321250
12.198442
12.174973
12.175142
12.475798
./pthread/main_linear_fully.o 4
8.869735
9.154198
8.724883
8.745327
8.733711
8.735272
8.726117
8.728922
8.746880
8.753456
./pthread/main_linear_fully.o 8
9.197843
9.340822
9.186850
9.374404
9.311899
9.362651
9.307411
9.284655
9.241987
9.267245
./pthread/main_linear_fully.o 16
9.328945
9.348249
9.350241
9.386185
9.357124
9.370696
9.352783
9.359994
9.359090
9.371074
./pthread/main_linear_fully.o 32
9.512971
9.533558
9.531296
9.520592
9.525343
9.520112
9.532267
9.506072
9.499681
9.495563
./omp/main_linear_fully.o 2
11.302323
10.670371
10.850282
10.793677
10.801630
10.793502
10.791715
10.797899
10.786069
10.796717
./omp/main_linear_fully.o 4
7.309396
7.345160
7.302044
7.327341
7.330657
7.328743
7.325130
7.325874
7.317943
7.332855
./omp/main_linear_fully.o 8
6.232329
6.235710
6.246076
6.251278
6.255591
6.240051
6.242739
6.249448
6.245383
6.235105
./omp/main_linear_fully.o 16
6.517013
6.511604
6.519163
6.523406
6.518672
6.517980
6.520481
6.512504
6.518223
6.502519
./omp/main_linear_fully.o 32
6.694280
6.678956
6.686769
6.688142
6.700506
6.693313
6.682609
6.689770
6.684281
6.692846
Iteration 700000 1000 600 500 500
./pthread/main_linear_fully.o 2
17.950894
17.878716
18.424602
17.848860
17.936111
17.877710
17.871702
17.864512
17.868677
17.881664
./pthread/main_linear_fully.o 4
13.176157
13.007692
13.046904
12.995748
13.004949
13.191904
13.023421
13.042510
13.018477
12.986261
./pthread/main_linear_fully.o 8
14.006142
13.851483
14.015083
14.057290
14.123470
14.013138
13.884558
13.888645
13.967247
13.894583
./pthread/main_linear_fully.o 16
13.878963
13.905604
13.900872
13.872478
13.918758
13.947284
13.876141
13.870305
13.893917
13.892576
./pthread/main_linear_fully.o 32
14.053454
14.022878
14.006245
13.989627
13.983735
14.029957
13.998816
14.003546
13.991055
13.995423
./omp/main_linear_fully.o 2
15.675581
15.624545
15.640864
15.661149
15.611879
16.247768
15.491335
15.652213
15.607365
15.646311
./omp/main_linear_fully.o 4
10.769851
10.828222
10.783184
10.790294
10.801242
10.782400
10.806267
10.797529
10.805141
10.793187
./omp/main_linear_fully.o 8
9.144298
9.179093
9.183242
9.173049
9.171339
9.168480
9.172404
9.187519
9.176101
9.167604
./omp/main_linear_fully.o 16
9.484580
9.480685
9.495897
9.484710
9.500888
9.487806
9.492045
9.484740
9.483993
9.489705
./omp/main_linear_fully.o 32
9.698674
9.708968
9.709209
9.691701
9.703007
9.706157
9.699886
9.692305
9.708710
9.698810
Iteration 700000 1000 800 500 500
./pthread/main_linear_fully.o 2
22.913615
22.861221
22.861428
22.823922
22.812950
22.767514
23.058999
22.864569
22.790273
22.816586
./pthread/main_linear_fully.o 4
16.897099
17.032145
16.899530
17.002927
16.938936
16.915974
16.960680
16.929928
16.959207
17.010354
./pthread/main_linear_fully.o 8
17.971314
18.803599
18.415990
18.619326
17.942471
17.761770
17.792860
17.956985
18.064746
18.037340
./pthread/main_linear_fully.o 16
17.927732
17.921871
17.914143
17.923440
17.948124
17.946408
17.983303
17.888856
17.925785
17.943758
./pthread/main_linear_fully.o 32
17.960002
17.980579
17.969363
17.976130
17.977545
18.011336
17.968037
17.988967
17.963325
17.978393
./omp/main_linear_fully.o 2
19.847322
19.829836
19.801829
19.814138
19.760436
19.778296
19.741398
19.768311
19.788871
19.736285
./omp/main_linear_fully.o 4
14.052802
14.043431
14.059874
14.059462
14.086149
14.062023
14.055972
14.081198
14.058526
14.047547
./omp/main_linear_fully.o 8
11.881232
11.888608
11.910120
11.909726
11.899269
11.910224
11.893032
11.919014
11.908002
11.894335
./omp/main_linear_fully.o 16
12.097288
12.107289
12.121115
12.110924
12.109592
12.096023
12.112724
12.098087
12.086934
12.113833
./omp/main_linear_fully.o 32
12.375375
12.355268
12.345283
12.370543
12.353397
12.575370
12.377483
12.368125
12.357280
12.355468
Iteration 700000 1000 1000 500 500
./pthread/main_linear_fully.o 2
26.892054
26.788620
26.805933
26.835998
27.144088
26.841727
26.820538
26.816430
27.109226
26.825588
./pthread/main_linear_fully.o 4
20.472640
20.698442
20.390752
20.436687
20.481540
20.718949
20.395837
20.608369
20.518406
20.498833
./pthread/main_linear_fully.o 8
22.051067
22.408025
22.144789
21.883847
21.889636
22.373348
22.021592
21.232564
21.271706
21.487899
./pthread/main_linear_fully.o 16
21.336284
21.414150
21.259277
21.348964
21.319626
21.284261
21.379495
21.354697
21.250952
21.405910
./pthread/main_linear_fully.o 32
21.271719
21.303926
21.282422
21.298616
21.297424
21.300917
21.334215
21.292079
21.293347
21.271457
./omp/main_linear_fully.o 2
23.462849
23.158649
23.143638
23.392672
23.128477
23.093418
23.106676
23.099463
23.036956
23.104838
./omp/main_linear_fully.o 4
16.890828
16.878942
16.871548
16.902188
16.889910
16.905276
16.923448
16.893320
16.882458
16.898239
./omp/main_linear_fully.o 8
14.471016
14.443990
14.450003
14.468112
14.466281
14.469940
14.473209
14.466949
14.476680
14.450871
./omp/main_linear_fully.o 16
14.309648
14.323669
14.325506
14.288466
14.285977
14.314831
14.326047
14.316775
14.302053
14.298470
./omp/main_linear_fully.o 32
14.588946
14.578094
14.584804
14.593027
14.601605
14.603438
14.588524
14.579799
14.597767
14.603681
Iteration 700000 1000 1200 500 500
./pthread/main_linear_fully.o 2
30.186779
30.119486
30.079035
30.076009
30.057545
29.998467
30.818920
30.510752
30.402650
30.052041
./pthread/main_linear_fully.o 4
23.393516
23.428401
23.316924
23.384649
23.574625
23.329822
23.412937
23.952971
23.383188
23.361866
./pthread/main_linear_fully.o 8
24.845044
23.872229
25.546447
24.348894
26.236822
25.302392
24.416447
26.076272
24.763514
24.497243
./pthread/main_linear_fully.o 16
23.988545
24.021462
23.975755
24.012865
24.081151
24.031362
23.983716
24.050671
23.973280
24.033546
./pthread/main_linear_fully.o 32
23.795165
23.812099
23.834576
23.793786
23.873371
23.846182
23.857227
23.803130
23.871740
23.763901
./omp/main_linear_fully.o 2
26.757282
25.596662
25.978909
25.725277
25.621850
25.684179
25.645625
25.657875
25.625826
26.441037
./omp/main_linear_fully.o 4
19.293375
19.352578
19.346276
19.359647
19.393033
19.347848
19.353077
19.361824
19.396767
19.371730
./omp/main_linear_fully.o 8
16.838538
16.857948
16.864151
16.837249
16.868118
16.824250
16.833290
16.852641
16.878690
16.830439
./omp/main_linear_fully.o 16
16.073332
16.053945
16.054020
16.031931
16.069269
16.062791
16.060366
16.060038
16.053545
16.063849
./omp/main_linear_fully.o 32
16.332198
16.351061
16.350208
16.338971
16.341753
16.343812
16.334034
16.326553
16.341453
16.353181
Iteration 700000 1000 1400 500 500
./pthread/main_linear_fully.o 2
32.844977
32.902908
32.894564
32.857270
32.849447
33.028095
32.868582
32.888492
32.845744
33.098776
./pthread/main_linear_fully.o 4
25.898428
25.975721
26.020740
25.916526
25.865320
26.177391
25.852114
26.177120
25.917959
25.983287
./pthread/main_linear_fully.o 8
27.820697
27.584594
28.549460
27.845733
27.527363
27.187952
27.456138
28.001234
26.562269
26.826920
./pthread/main_linear_fully.o 16
26.126749
26.191813
26.051075
26.079853
26.093618
26.142076
26.084747
26.089384
26.019672
26.075605
./pthread/main_linear_fully.o 32
25.849814
25.785219
25.872562
25.806910
25.867045
25.839784
25.809362
25.795314
25.845242
25.864577
./omp/main_linear_fully.o 2
27.923010
27.972459
27.906200
27.947622
27.903975
27.917754
27.914312
27.933894
27.843740
27.870126
./omp/main_linear_fully.o 4
21.515807
21.492963
21.513003
21.521642
21.519684
21.527379
21.519559
21.536703
21.495517
21.538972
./omp/main_linear_fully.o 8
19.086789
19.134110
19.104387
19.139836
19.115509
19.123354
19.146583
19.117342
19.167500
19.153455
./omp/main_linear_fully.o 16
17.514883
17.519652
17.497497
17.489307
17.518908
17.505445
17.507837
17.550203
17.522868
17.553156
./omp/main_linear_fully.o 32
17.716302
17.744322
17.728301
17.728059
17.730445
17.736420
17.704958
17.755850
17.765670
17.720808
Iteration 700000 1000 1600 500 500
./pthread/main_linear_fully.o 2
35.497149
35.339329
35.372745
35.606023
35.475471
35.283310
35.322269
35.311704
35.397373
35.961878
./pthread/main_linear_fully.o 4
28.245153
28.185658
28.177159
28.201499
28.255945
28.217693
28.179620
28.192859
28.196156
28.226518
./pthread/main_linear_fully.o 8
31.332967
29.264047
28.925160
30.249821
29.615308
28.951198
29.807857
28.999424
30.013589
30.491511
./pthread/main_linear_fully.o 16
27.967863
27.891630
27.987581
28.093545
28.013598
28.074463
28.019836
28.077497
27.949105
27.887033
./pthread/main_linear_fully.o 32
27.511633
27.492752
27.526858
27.535809
27.558181
27.528974
27.512390
27.606223
27.585007
27.523458
./omp/main_linear_fully.o 2
31.106078
29.778093
29.894868
29.934154
30.788804
29.846879
29.933361
29.898260
29.903490
29.863887
./omp/main_linear_fully.o 4
23.427859
23.430568
23.473671
23.415149
23.449870
23.416089
23.452151
23.430156
23.431386
23.444867
./omp/main_linear_fully.o 8
21.251328
21.266540
21.246908
21.240632
21.237452
21.276875
21.233529
21.268834
21.263969
21.236317
./omp/main_linear_fully.o 16
18.823519
18.787980
18.821043
18.813167
18.806594
18.770367
18.806786
18.801988
18.780834
18.834585
./omp/main_linear_fully.o 32
18.961312
18.961757
18.949196
18.962069
18.959720
18.956055
18.961364
18.968760
18.959014
18.958298
Iteration 700000 1000 1800 500 500
./pthread/main_linear_fully.o 2
37.931975
37.611768
37.694161
37.580425
37.501902
37.593496
37.536259
37.542646
37.481627
37.641045
./pthread/main_linear_fully.o 4
30.172550
30.322288
30.229601
30.269742
30.256913
30.435997
30.262929
30.187907
30.147610
30.189023
./pthread/main_linear_fully.o 8
31.722684
30.760537
30.753566
31.693830
31.763507
30.770064
32.153811
31.235291
32.171656
31.711138
./pthread/main_linear_fully.o 16
29.573859
29.770253
29.714881
29.470301
29.740052
29.610660
29.636868
29.657296
29.752742
29.832275
./pthread/main_linear_fully.o 32
29.257910
29.035412
29.034460
29.005249
29.036110
29.041742
29.082205
29.056815
29.115708
29.082873
./omp/main_linear_fully.o 2
31.763973
31.695023
31.737231
31.637880
32.468058
31.598225
31.687156
32.556728
31.844748
31.690807
./omp/main_linear_fully.o 4
25.154379
25.120845
25.155689
25.125538
25.159192
25.188401
25.110945
25.169488
25.156269
25.121042
./omp/main_linear_fully.o 8
23.182678
23.131346
23.139901
23.171858
23.122303
23.151923
23.147870
23.137198
23.174585
23.167317
./omp/main_linear_fully.o 16
19.965855
19.946836
19.952094
19.965254
19.945596
19.965296
19.924101
19.970547
19.954387
19.952516
./omp/main_linear_fully.o 32
20.066599
20.092228
20.061713
20.066093
20.068626
20.039295
20.086113
20.072441
20.081098
20.081893
Iteration 700000 1000 2000 500 500
./pthread/main_linear_fully.o 2
40.441123
39.430490
39.660662
39.451676
39.612689
39.382972
39.383131
39.476039
39.340401
39.469822
./pthread/main_linear_fully.o 4
32.097521
32.143998
33.539916
31.999610
32.049706
32.128894
31.944516
33.154306
32.150174
32.055953
./pthread/main_linear_fully.o 8
33.235569
33.830445
33.710136
34.369596
32.673381
33.428811
32.819788
32.867556
32.958730
32.992761
./pthread/main_linear_fully.o 16
31.111712
31.147614
31.253838
31.337291
31.265658
31.383589
31.281265
31.118327
31.193376
31.090272
./pthread/main_linear_fully.o 32
30.404407
30.421749
30.430075
30.523195
30.405860
30.367374
30.462232
30.420266
30.440357
30.497602
./omp/main_linear_fully.o 2
33.291938
33.304756
33.164013
33.246224
33.168881
33.243880
33.556153
33.167275
34.036437
33.240951
./omp/main_linear_fully.o 4
26.622635
26.632789
26.623149
26.657545
26.675724
26.652429
26.665776
26.643284
26.741829
26.623105
./omp/main_linear_fully.o 8
24.884290
24.801944
24.800566
24.866592
24.779472
24.834856
24.812072
24.882683
24.815063
24.903961
./omp/main_linear_fully.o 16
21.022109
21.054494
21.006346
21.046035
20.995826
21.020065
21.017046
21.029381
20.999601
21.028882
./omp/main_linear_fully.o 32
21.086760
21.078068
21.055370
21.056276
21.074618
21.073436
21.080770
21.070293
21.052297
21.054315

