Particle 100000 1000 600
./sequential/main_linear.o
2.519989
2.627490
2.646096
2.421859
2.401013
2.457096
2.398109
2.469292
2.394259
2.493182
./pthread/main_linear_partial.o 2
1.657087
1.752945
1.701902
1.693772
1.695340
1.721019
1.740972
1.729024
1.707527
1.714327
./pthread/main_linear_partial.o 4
1.542997
1.474411
1.520429
1.541976
1.500601
1.669214
1.504831
1.509241
1.579365
1.463600
./pthread/main_linear_partial.o 8
1.467724
1.462828
1.465280
1.481991
1.473747
1.480150
1.460377
1.455075
1.479150
1.458365
./pthread/main_linear_partial.o 16
1.683411
1.708389
1.707678
1.689227
1.695171
1.686743
1.700245
1.687015
1.705709
1.709632
./pthread/main_linear_partial.o 32
1.904556
1.864847
1.888081
1.824999
1.960534
2.070859
2.021984
2.061737
2.080981
2.009365
./omp/main_linear_partial.o 2
1.833817
1.805088
1.809575
1.818245
1.780309
1.794293
1.803970
1.814605
1.784929
1.793201
./omp/main_linear_partial.o 4
1.518359
1.545042
1.550481
1.562554
1.563660
1.545586
1.555030
1.567101
1.548360
1.546696
./omp/main_linear_partial.o 8
2.250062
2.202667
2.212108
2.261584
2.216248
2.221372
2.226853
2.228171
2.208885
2.232198
./omp/main_linear_partial.o 16
1.486668
1.461850
1.453191
1.451125
1.455200
1.456819
1.460658
1.459692
1.459901
1.466751
./omp/main_linear_partial.o 32
1.472521
1.461543
1.460992
1.470897
1.495550
1.474025
1.468215
1.478823
1.465902
1.473997
Particle 200000 1000 600
./sequential/main_linear.o
4.888046
5.117896
4.830730
5.095877
4.838251
5.064483
4.837643
4.855099
4.863630
5.086306
./pthread/main_linear_partial.o 2
3.237622
3.463167
3.308183
3.289502
3.463873
3.526690
3.458870
3.501416
3.454680
3.460477
./pthread/main_linear_partial.o 4
2.881363
2.876429
3.058288
2.877898
2.985896
2.873517
2.876156
2.965633
3.138027
2.884520
./pthread/main_linear_partial.o 8
2.838406
2.829112
2.829655
2.831633
2.820750
2.817070
2.823546
2.833830
2.820107
2.838475
./pthread/main_linear_partial.o 16
3.119106
3.132813
3.105017
3.136944
3.109885
3.120647
3.109339
3.114325
3.115599
3.124071
./pthread/main_linear_partial.o 32
3.574367
3.601376
3.591490
3.587008
3.573266
3.572202
3.583040
3.591387
3.568673
3.591353
./omp/main_linear_partial.o 2
3.580937
3.484913
3.377624
3.422754
3.427433
3.510793
3.434405
3.445454
3.431478
3.516047
./omp/main_linear_partial.o 4
2.873637
2.920993
2.900583
2.905753
2.904583
2.901912
2.889800
2.902300
2.894272
2.904183
./omp/main_linear_partial.o 8
3.766818
3.774094
3.767445
3.789817
3.780129
3.780505
3.780205
3.778057
3.777854
3.780324
./omp/main_linear_partial.o 16
2.711922
2.699400
2.699484
2.713639
2.699227
2.703370
2.714107
2.711848
2.699618
2.710423
./omp/main_linear_partial.o 32
2.725730
2.718840
2.729956
2.731541
2.734916
2.729133
2.720771
2.731241
2.734918
2.736491
Particle 300000 1000 600
./sequential/main_linear.o
7.707643
7.627161
7.609167
7.535155
7.527947
7.510407
7.616632
7.412487
7.584073
7.393045
./pthread/main_linear_partial.o 2
4.713381
4.758963
4.779576
4.828423
4.963926
5.050371
5.059687
4.986755
4.982132
4.993714
./pthread/main_linear_partial.o 4
4.064408
4.103314
4.515584
4.098320
4.073889
4.205130
4.086364
4.117451
4.072903
4.105028
./pthread/main_linear_partial.o 8
3.920851
3.920202
3.909791
3.914878
3.910357
3.923227
3.916762
3.908405
3.919210
3.927412
./pthread/main_linear_partial.o 16
4.300489
4.295928
4.302179
4.290293
4.285386
4.291198
4.294155
4.280521
4.289347
4.296188
./pthread/main_linear_partial.o 32
4.812086
4.833229
4.831071
4.801040
4.800359
4.815244
4.806283
4.803164
4.814789
4.812018
./omp/main_linear_partial.o 2
5.043566
5.045208
5.035342
5.062027
5.036057
5.093013
5.365483
4.972570
5.361508
4.951910
./omp/main_linear_partial.o 4
3.969457
4.358453
4.304540
4.274222
4.272031
4.302095
4.277145
4.294583
4.271742
4.297653
./omp/main_linear_partial.o 8
5.361810
5.342709
5.363533
5.339105
5.351716
5.333399
5.345915
5.342426
5.325219
5.354304
./omp/main_linear_partial.o 16
3.797509
3.790655
3.778652
3.788764
3.779259
3.791572
3.787180
3.797602
3.788455
3.788225
./omp/main_linear_partial.o 32
3.835682
3.851494
3.844556
3.862230
3.845569
3.850030
3.837571
3.850415
3.844054
3.850839
Particle 400000 1000 600
./sequential/main_linear.o
10.178832
10.199974
9.411225
9.413764
10.043290
9.371760
9.986414
9.329832
9.931158
9.329815
./pthread/main_linear_partial.o 2
6.531069
6.177113
6.301108
6.396204
6.596278
6.536466
6.527067
6.538417
6.525725
6.516824
./pthread/main_linear_partial.o 4
5.453664
5.749922
5.279319
5.305039
5.310218
5.325650
5.308100
5.361923
5.293589
5.741930
./pthread/main_linear_partial.o 8
4.916110
4.975869
4.982223
4.959792
4.959985
4.984178
4.955305
4.957139
4.970263
4.968130
./pthread/main_linear_partial.o 16
5.356473
5.374343
5.342253
5.365778
5.381480
5.351911
5.367043
5.357647
5.364080
5.380164
./pthread/main_linear_partial.o 32
5.969517
5.937471
5.965895
5.951196
5.954741
5.940842
5.942730
5.935351
5.945597
5.943896
./omp/main_linear_partial.o 2
7.086149
6.492768
6.673692
6.504447
6.674262
7.102743
6.660110
6.501936
6.634709
6.601053
./omp/main_linear_partial.o 4
5.730858
5.702733
5.644157
5.636022
5.688562
5.631866
5.672171
5.629704
5.623027
5.654952
./omp/main_linear_partial.o 8
6.948952
6.941242
6.912310
6.910243
6.942674
6.927324
6.918689
6.935402
6.910706
6.924934
./omp/main_linear_partial.o 16
4.815498
4.818095
4.805149
4.822785
4.817956
4.820123
4.829087
4.816995
4.819733
4.810117
./omp/main_linear_partial.o 32
4.897734
4.881615
4.888715
4.878903
4.890592
4.877963
4.890024
4.885383
4.892031
4.875219
Particle 500000 1000 600
./sequential/main_linear.o
11.919806
11.782642
11.761598
11.714739
11.662451
11.663061
11.624502
11.597472
11.605732
11.610822
./pthread/main_linear_partial.o 2
7.661396
7.695841
7.963547
8.019395
8.015385
8.106449
7.951375
8.231165
8.041599
7.911946
./pthread/main_linear_partial.o 4
6.527987
6.532967
6.527567
6.535989
6.640108
6.510180
6.527062
6.560428
6.526473
6.535309
./pthread/main_linear_partial.o 8
5.971686
5.982143
5.954152
5.985636
5.987497
5.983619
5.969745
5.970269
5.969021
5.973520
./pthread/main_linear_partial.o 16
6.399708
6.392203
6.385075
6.405283
6.389357
6.398328
6.391950
6.401647
6.395924
6.406286
./pthread/main_linear_partial.o 32
7.081188
7.113002
7.080102
7.049203
7.092306
7.056922
7.061256
7.068168
7.096481
7.100783
./omp/main_linear_partial.o 2
8.742180
8.012561
8.176279
8.042930
8.773535
8.720229
8.676109
8.118881
7.671117
8.292151
./omp/main_linear_partial.o 4
6.924142
6.981413
6.972227
6.914622
6.904475
6.983452
7.004174
7.016108
6.900349
6.883258
./omp/main_linear_partial.o 8
8.509357
8.501618
8.555372
8.517309
8.512900
8.536344
8.531761
8.484076
8.516424
8.502414
./omp/main_linear_partial.o 16
5.806779
5.805854
5.817947
5.788732
5.816641
5.800803
5.818254
5.804242
5.819712
5.810359
./omp/main_linear_partial.o 32
5.875976
5.874772
5.880997
5.882139
5.915024
5.879872
5.876440
5.876558
5.887129
5.886331
Particle 600000 1000 600
./sequential/main_linear.o
13.424668
14.000188
13.053255
13.099955
13.850884
12.926193
13.744981
13.606816
12.836503
12.898407
./pthread/main_linear_partial.o 2
8.462955
8.558177
9.158763
8.659538
8.903074
9.284366
8.660110
8.896073
9.185005
8.708908
./pthread/main_linear_partial.o 4
7.843509
7.544199
7.577907
7.516994
7.513335
7.526660
7.523560
7.563448
7.637717
7.904794
./pthread/main_linear_partial.o 8
6.821575
6.802956
6.812012
6.815662
6.790010
6.804655
6.786924
6.798209
6.785150
6.808318
./pthread/main_linear_partial.o 16
7.162643
7.159244
7.176761
7.154685
7.162084
7.155009
7.160414
7.163308
7.165653
7.167041
./pthread/main_linear_partial.o 32
7.799482
7.797197
7.802839
7.784547
7.803066
7.804325
7.790011
7.790786
7.789122
7.783633
./omp/main_linear_partial.o 2
9.131317
9.653919
8.862529
9.051003
9.666804
8.986553
8.867584
9.074588
9.694689
9.018131
./omp/main_linear_partial.o 4
7.823248
8.214889
8.113407
8.126338
8.151187
8.094915
8.101046
8.096934
8.106206
8.161810
./omp/main_linear_partial.o 8
9.763731
9.751159
9.768324
9.751868
9.755929
9.742705
9.737948
9.753081
9.763668
9.755928
./omp/main_linear_partial.o 16
6.514298
6.512409
6.498100
6.537729
6.520294
6.510662
6.525443
6.527141
6.511290
6.517478
./omp/main_linear_partial.o 32
6.582097
6.559569
6.583384
6.574719
6.575677
6.571242
6.567248
6.582041
6.591543
6.580858
Particle 700000 1000 600
./sequential/main_linear.o
15.592607
14.570687
15.396269
14.433082
15.232373
14.338823
14.377659
14.410422
15.217436
14.272893
./pthread/main_linear_partial.o 2
9.371613
9.635918
9.903865
10.040550
9.857409
9.900202
10.366870
10.370500
9.563698
10.432987
./pthread/main_linear_partial.o 4
8.273854
8.895160
8.426241
8.827125
8.601816
8.526233
8.425557
8.410425
8.439520
8.405148
./pthread/main_linear_partial.o 8
7.536826
7.705627
7.698041
7.574303
7.653255
7.641786
7.692276
7.686000
7.509582
7.678038
./pthread/main_linear_partial.o 16
7.939362
7.941055
7.960738
7.963981
7.960911
7.952464
7.951112
7.950618
7.962808
7.969664
./pthread/main_linear_partial.o 32
8.568541
8.552456
8.556207
8.565343
8.567037
8.578140
8.551079
8.553227
8.541151
8.563487
./omp/main_linear_partial.o 2
10.205382
10.107379
10.197876
10.224977
10.098553
10.206504
10.227188
10.196925
10.176600
10.816203
./omp/main_linear_partial.o 4
8.626070
9.235998
9.174620
9.042905
9.130676
9.165884
9.048762
9.138832
9.043637
9.183651
./omp/main_linear_partial.o 8
10.978338
10.967276
10.972603
10.967771
10.933920
10.973163
10.975685
10.949894
10.979836
10.912747
./omp/main_linear_partial.o 16
7.264409
7.260492
7.274746
7.275415
7.270834
7.267623
7.274412
7.281549
7.267731
7.266587
./omp/main_linear_partial.o 32
7.292329
7.303754
7.302346
7.304496
7.295636
7.304313
7.306861
7.303997
7.295848
7.312015
Particle 800000 1000 600
./sequential/main_linear.o
17.740044
17.412810
17.301516
17.297827
17.037595
17.029354
17.014494
17.251434
16.903519
16.919207
./pthread/main_linear_partial.o 2
10.195729
10.377883
11.102491
11.050662
11.058582
11.068636
11.121147
11.532608
11.176458
10.937899
./pthread/main_linear_partial.o 4
9.430695
9.420176
9.504358
9.522083
9.406955
9.418670
9.405963
9.505409
9.411697
9.424272
./pthread/main_linear_partial.o 8
8.540877
8.487790
8.608716
8.625516
8.626765
8.582681
8.585235
8.647531
8.587045
8.502626
./pthread/main_linear_partial.o 16
8.873443
8.864846
8.884129
8.880507
8.869000
8.864979
8.865694
8.877707
8.868277
8.873136
./pthread/main_linear_partial.o 32
9.492275
9.494775
9.487362
9.500584
9.503655
9.491978
9.492168
9.494008
9.495736
9.493359
./omp/main_linear_partial.o 2
11.454554
11.429752
12.080118
11.210800
11.314361
12.101321
11.213548
12.104084
11.241550
11.289312
./omp/main_linear_partial.o 4
10.204090
10.266197
10.151635
10.301999
10.208404
10.235202
10.293753
10.262488
10.158992
10.320102
./omp/main_linear_partial.o 8
12.429149
12.435212
12.409629
12.437195
12.421331
12.415061
12.433683
12.421807
12.416483
12.401189
./omp/main_linear_partial.o 16
8.144309
8.153647
8.171641
8.155836
8.155488
8.146350
8.163256
8.158283
8.161881
8.161433
./omp/main_linear_partial.o 32
8.174555
8.174925
8.173333
8.183844
8.175707
8.165856
8.173769
8.180625
8.203007
8.177868
Particle 900000 1000 600
./sequential/main_linear.o
19.433978
18.054030
19.171543
17.878480
17.987186
18.016273
19.055006
17.898252
19.009446
17.854168
./pthread/main_linear_partial.o 2
11.688709
12.787252
11.963260
12.357060
12.619594
12.224698
12.293883
12.262316
12.282514
12.243011
./pthread/main_linear_partial.o 4
10.378033
10.428260
10.380786
10.388348
10.383751
10.613444
10.420025
10.370283
10.584806
10.479919
./pthread/main_linear_partial.o 8
9.455421
9.332785
9.479577
9.413147
9.433222
9.417876
9.310004
9.385836
9.307025
9.359925
./pthread/main_linear_partial.o 16
9.811712
9.794555
9.793663
9.798464
9.798216
9.805736
9.802139
9.805779
9.813563
9.795364
./pthread/main_linear_partial.o 32
10.425312
10.439401
10.444168
10.415058
10.440580
10.431205
10.434085
10.440682
10.430678
10.429301
./omp/main_linear_partial.o 2
12.635960
12.482724
12.548475
12.511306
12.561817
12.475433
12.492832
12.533885
12.849088
12.450174
./omp/main_linear_partial.o 4
11.164865
11.338195
11.204135
11.191863
11.347967
11.234992
11.193435
11.203843
11.290959
11.367945
./omp/main_linear_partial.o 8
13.581079
13.566989
13.700204
13.627783
13.594120
13.723852
13.565716
13.576802
13.578299
13.560452
./omp/main_linear_partial.o 16
8.986878
8.979337
8.987614
8.988524
8.998276
9.005678
9.013182
9.006656
9.005304
9.011215
./omp/main_linear_partial.o 32
9.051528
9.043281
9.051342
9.042350
9.038600
9.058891
9.070373
9.063546
9.041745
9.050947
Particle 1000000 1000 600
./sequential/main_linear.o
20.995905
19.585764
19.641123
19.588515
20.681799
19.386495
20.519610
19.396478
19.466447
19.532256
./pthread/main_linear_partial.o 2
12.822546
13.388509
13.475900
13.443953
13.452177
13.519436
13.389278
13.404218
13.881970
13.227535
./pthread/main_linear_partial.o 4
11.404250
11.228584
11.215803
11.225789
11.204494
11.305186
11.214694
11.222156
11.228840
11.221446
./pthread/main_linear_partial.o 8
10.123645
10.140717
10.114249
10.087921
10.108730
10.092777
10.115678
10.134960
10.095919
10.120786
./pthread/main_linear_partial.o 16
10.615348
10.629280
10.631129
10.619828
10.635632
10.628773
10.618705
10.624223
10.613741
10.608420
./pthread/main_linear_partial.o 32
11.323473
11.332130
11.319496
11.325732
11.327470
11.314091
11.306331
11.323131
11.322493
11.321350
./omp/main_linear_partial.o 2
14.517654
13.219884
13.730920
13.646007
13.619259
13.672861
13.653410
13.599812
13.666439
13.955559
./omp/main_linear_partial.o 4
12.000863
12.132438
12.088954
12.152782
12.084575
12.148332
12.069628
12.290434
12.105825
12.136041
./omp/main_linear_partial.o 8
14.499816
14.507950
14.501176
14.495726
14.496005
14.439709
14.509644
14.520545
14.481717
14.464423
./omp/main_linear_partial.o 16
9.878706
9.841344
9.862751
9.882812
9.853504
9.869343
9.849636
9.846598
9.881554
9.872577
./omp/main_linear_partial.o 32
9.879993
9.887822
9.899825
9.870564
9.886947
9.881612
9.895602
9.886379
9.898400
9.876211
Grid 28000 200 600 100 100
./sequential/main_linear.o
0.275717
0.270580
0.266531
0.265172
0.262251
0.264382
0.263824
0.264820
0.266369
0.267365
./pthread/main_linear_partial.o 2
0.208229
0.207988
0.193778
0.191357
0.219544
0.218496
0.190828
0.189944
0.188548
0.212637
./pthread/main_linear_partial.o 4
0.241860
0.202102
0.196714
0.183236
0.183560
0.181275
0.182350
0.191076
0.231313
0.174137
./pthread/main_linear_partial.o 8
0.169024
0.168306
0.168723
0.171797
0.172609
0.178577
0.186153
0.185215
0.183844
0.187548
./pthread/main_linear_partial.o 16
0.219123
0.216622
0.310254
0.235250
0.208089
0.207152
0.208147
0.221745
0.213162
0.240996
./pthread/main_linear_partial.o 32
0.263325
0.252479
0.248973
0.248236
0.249245
0.246296
0.266672
0.252696
0.267074
0.269074
./omp/main_linear_partial.o 2
0.194799
0.193094
0.203862
0.194662
0.222723
0.208477
0.209548
0.204650
0.204785
0.219515
./omp/main_linear_partial.o 4
0.181202
0.176141
0.176808
0.175553
0.177574
0.176726
0.175976
0.176436
0.179831
0.176645
./omp/main_linear_partial.o 8
0.205005
0.203290
0.203592
0.202857
0.205796
0.203876
0.203115
0.203848
0.204342
0.206358
./omp/main_linear_partial.o 16
0.186979
0.179913
0.186886
0.192541
0.184231
0.183662
0.184042
0.187451
0.180269
0.181584
./omp/main_linear_partial.o 32
0.202340
0.208499
0.201966
0.203261
0.203695
0.203315
0.203553
0.201592
0.200417
0.204437
Grid 112000 400 600 200 200
./sequential/main_linear.o
1.605351
1.631738
1.639651
1.645531
1.643937
1.644702
1.646233
1.644502
1.647965
1.619935
./pthread/main_linear_partial.o 2
1.084684
1.074967
1.129854
1.078589
1.133881
1.090482
1.119161
1.092636
1.124118
1.086031
./pthread/main_linear_partial.o 4
1.017951
1.025766
1.016628
1.027196
1.019327
1.047648
1.022372
1.036058
1.032877
1.028170
./pthread/main_linear_partial.o 8
0.968870
0.980441
0.978481
0.976292
0.966096
0.972078
0.965628
0.965231
0.986150
0.984854
./pthread/main_linear_partial.o 16
1.035549
1.039063
1.036742
1.047149
1.049605
1.044048
1.045962
1.047857
1.040067
1.044631
./pthread/main_linear_partial.o 32
1.066911
1.068005
1.071213
1.065282
1.067603
1.068654
1.073605
1.069890
1.069643
1.071114
./omp/main_linear_partial.o 2
1.121358
1.121747
1.128059
1.064235
1.124475
1.210857
1.115682
1.123806
1.213319
1.113951
./omp/main_linear_partial.o 4
1.003671
1.010293
1.005649
1.014338
1.007444
1.008426
1.006842
1.013407
1.013666
1.015848
./omp/main_linear_partial.o 8
1.270842
1.327141
1.330520
1.322456
1.321832
1.311260
1.305996
1.310258
1.316413
1.295771
./omp/main_linear_partial.o 16
0.955499
0.949385
0.944292
0.942921
0.949678
0.944003
0.942124
0.946432
0.941033
0.947153
./omp/main_linear_partial.o 32
0.955942
0.962203
0.956686
0.965520
0.957462
0.961370
0.963065
0.962575
0.955595
0.964292
Grid 252000 600 600 300 300
./sequential/main_linear.o
4.843598
4.684206
4.668556
4.652032
4.641127
4.649738
4.634346
4.643951
4.627873
4.618322
./pthread/main_linear_partial.o 2
2.924283
2.945031
2.936384
2.947226
3.042944
3.173289
3.157758
3.188859
3.203430
3.148172
./pthread/main_linear_partial.o 4
2.813880
2.760397
2.752308
2.767203
2.746944
2.831634
2.745794
2.765915
2.746555
2.874748
./pthread/main_linear_partial.o 8
2.513602
2.553243
2.564303
2.532784
2.540643
2.539007
2.579726
2.591859
2.556795
2.551609
./pthread/main_linear_partial.o 16
2.716260
2.700041
2.720612
2.709874
2.717220
2.707764
2.720390
2.707068
2.729298
2.707658
./pthread/main_linear_partial.o 32
3.028151
3.017832
3.009262
3.014353
3.033630
3.025298
3.018032
3.039885
3.017012
3.016809
./omp/main_linear_partial.o 2
3.153151
3.283709
3.086439
3.157960
3.165382
3.156266
3.280471
3.093106
3.153536
3.164693
./omp/main_linear_partial.o 4
2.847266
2.880918
2.890496
2.879129
2.872302
2.879355
2.878411
2.879103
2.880717
2.884503
./omp/main_linear_partial.o 8
3.454954
3.454119
3.454877
3.456660
3.454802
3.454335
3.448144
3.460183
3.457406
3.452724
./omp/main_linear_partial.o 16
2.401538
2.376328
2.388551
2.385547
2.376938
2.391704
2.384050
2.387677
2.390058
2.387858
./omp/main_linear_partial.o 32
2.368523
2.386420
2.389801
2.380265
2.385653
2.390602
2.380994
2.383700
2.387169
2.379784
Grid 448000 800 600 400 400
./sequential/main_linear.o
9.330530
9.111391
9.079618
9.052930
9.009743
9.032838
9.010501
8.993482
9.015637
8.489344
./pthread/main_linear_partial.o 2
5.618728
5.717340
6.194648
5.859893
6.119565
6.203919
6.174098
6.088996
6.202224
6.054892
./pthread/main_linear_partial.o 4
5.154630
5.192759
5.153055
5.241218
5.147063
5.116608
5.154364
5.147409
5.186390
5.153448
./pthread/main_linear_partial.o 8
4.732561
4.751251
4.700676
4.694268
4.712732
4.721586
4.634792
4.769878
4.619317
4.671774
./pthread/main_linear_partial.o 16
4.959386
4.953058
4.957704
4.963157
4.957707
4.953594
4.956453
4.960222
4.959637
4.952036
./pthread/main_linear_partial.o 32
5.344323
5.342472
5.350156
5.357001
5.369555
5.344657
5.367851
5.339029
5.363414
5.364722
./omp/main_linear_partial.o 2
6.250574
6.121236
6.114375
6.122888
6.120772
6.523667
6.036592
6.051029
6.182842
6.481042
./omp/main_linear_partial.o 4
5.395456
5.566643
5.555717
5.520266
5.546808
5.516051
5.516993
5.545914
5.560067
5.545645
./omp/main_linear_partial.o 8
6.653586
6.676563
6.663995
6.656620
6.673619
6.653324
6.667764
6.647468
6.655450
6.662839
./omp/main_linear_partial.o 16
4.478910
4.473379
4.467029
4.478465
4.465593
4.487032
4.461684
4.474707
4.469706
4.482099
./omp/main_linear_partial.o 32
4.470744
4.479077
4.472648
4.481998
4.470219
4.483909
4.468661
4.487395
4.468873
4.483096
Grid 700000 1000 600 500 500
./sequential/main_linear.o
15.642681
15.301126
15.252022
15.056032
15.045804
15.022363
15.068564
14.961136
14.975914
15.015078
./pthread/main_linear_partial.o 2
9.800292
9.455783
9.559290
9.934506
9.914024
9.848789
9.847886
9.876159
10.124464
9.789519
./pthread/main_linear_partial.o 4
8.487499
8.396418
8.478543
8.422385
8.428045
8.376662
8.496882
8.403463
8.359347
8.395322
./pthread/main_linear_partial.o 8
7.545452
7.641799
7.628557
7.637443
7.656753
7.507976
7.638600
7.609530
7.626820
7.674347
./pthread/main_linear_partial.o 16
7.918155
7.952079
7.947631
7.947304
7.949871
7.960905
7.949583
7.945678
7.959077
7.952991
./pthread/main_linear_partial.o 32
8.548246
8.526122
8.539691
8.549284
8.558461
8.577929
8.543556
8.552318
8.556556
8.553990
./omp/main_linear_partial.o 2
10.157901
10.809444
9.999221
9.970187
10.425141
10.133441
10.193248
10.813589
9.894495
10.051152
./omp/main_linear_partial.o 4
9.090582
9.050194
9.183502
9.079611
9.026388
9.100465
9.082035
9.025914
9.122283
9.030605
./omp/main_linear_partial.o 8
10.976921
10.944522
10.976218
10.935753
10.991359
10.943343
10.974898
10.949769
10.935892
10.957720
./omp/main_linear_partial.o 16
7.275803
7.257978
7.271038
7.247620
7.270533
7.254359
7.281347
7.273430
7.270699
7.278043
./omp/main_linear_partial.o 32
7.288038
7.292504
7.290693
7.289338
7.296289
7.289566
7.294580
7.300991
7.301346
7.295977
Grid 1008000 1200 600 600 600
./sequential/main_linear.o
23.229132
22.706822
22.708809
22.544236
22.307164
22.429296
22.230283
22.283924
22.439598
22.182946
./pthread/main_linear_partial.o 2
13.590430
14.304749
14.598580
15.225114
14.353939
14.654369
14.622530
14.595548
15.301380
14.341434
./pthread/main_linear_partial.o 4
12.581860
12.269988
12.372144
12.294157
12.536010
12.295933
12.596405
12.717381
12.416475
12.356761
./pthread/main_linear_partial.o 8
11.328777
11.108837
11.205266
11.261125
11.144537
11.351354
11.329944
11.136777
11.328464
11.318354
./pthread/main_linear_partial.o 16
11.671110
11.653158
11.665081
11.662209
11.675517
11.670915
11.663440
11.662162
11.676182
11.659961
./pthread/main_linear_partial.o 32
12.458274
12.467513
12.455737
12.470448
12.459899
12.456672
12.467069
12.493719
12.471370
12.455849
./omp/main_linear_partial.o 2
15.994644
15.883752
14.417354
15.059505
16.013893
14.801121
15.989118
15.907472
15.261811
14.851997
./omp/main_linear_partial.o 4
13.080898
13.506985
13.308808
13.302754
13.534349
13.414197
13.295932
13.426312
13.289823
13.304654
./omp/main_linear_partial.o 8
15.573008
15.591916
15.652982
15.539985
15.598953
15.562914
15.616057
15.602027
15.594189
15.573912
./omp/main_linear_partial.o 16
10.767840
10.744784
10.766874
10.773986
10.773615
10.760944
10.765548
10.778753
10.768559
10.783187
./omp/main_linear_partial.o 32
10.846529
10.860936
10.835221
10.851508
10.831021
10.831206
10.851300
10.843666
10.836661
10.841844
Grid 1372000 1400 600 700 700
./sequential/main_linear.o
32.550863
31.545866
31.276469
31.187237
31.762948
29.494237
29.762159
29.844715
29.881775
31.965508
./pthread/main_linear_partial.o 2
19.247705
21.299921
20.087407
21.323290
20.219223
20.370311
20.319760
20.342987
20.319725
20.388465
./pthread/main_linear_partial.o 4
17.018477
17.129196
17.020860
17.104891
17.140103
17.068330
17.348183
17.106219
17.043988
17.123134
./pthread/main_linear_partial.o 8
15.668445
15.779850
15.713334
15.693593
15.742006
15.809178
15.480200
15.698356
15.643617
15.862705
./pthread/main_linear_partial.o 16
16.147210
16.165409
16.170603
16.200776
16.146721
16.175727
16.144123
16.155624
16.169910
16.190223
./pthread/main_linear_partial.o 32
17.120236
17.120094
17.141894
17.155936
17.149961
17.125420
17.127121
17.132735
17.132818
17.145636
./omp/main_linear_partial.o 2
20.971205
22.303476
22.172591
20.732426
20.764408
21.059444
20.987056
20.987245
22.337492
22.065152
./omp/main_linear_partial.o 4
17.953658
18.558699
18.425865
18.603496
18.703853
18.509725
18.713789
18.421526
18.432400
18.413960
./omp/main_linear_partial.o 8
20.026948
20.009249
20.027782
20.049632
20.042992
19.923175
20.025464
20.047289
20.027732
20.025583
./omp/main_linear_partial.o 16
15.118637
15.074221
15.131050
15.073696
15.103712
15.093319
15.078863
15.066311
15.103488
15.111712
./omp/main_linear_partial.o 32
15.184923
15.174846
15.170735
15.196327
15.195491
15.178734
15.188790
15.191123
15.173990
15.170444
Grid 1792000 1600 600 800 800
./sequential/main_linear.o
43.115877
42.385504
41.957661
41.752749
41.693757
41.465229
41.454961
41.284074
41.227728
41.100554
./pthread/main_linear_partial.o 2
25.932503
27.600531
27.161756
27.127954
27.120360
28.489908
26.692013
28.490491
26.868200
27.066651
./pthread/main_linear_partial.o 4
22.319794
22.354136
22.428707
22.454144
22.540702
22.367712
22.633856
22.386328
22.361322
22.395608
./pthread/main_linear_partial.o 8
20.747089
20.657036
20.845712
20.846274
20.692751
20.854165
21.048357
20.875264
20.847583
20.864248
./pthread/main_linear_partial.o 16
21.366640
21.373866
21.323019
21.365316
21.331186
21.308358
21.370994
21.345829
21.353463
21.333624
./pthread/main_linear_partial.o 32
22.576581
22.596439
22.618260
22.563479
22.599879
22.577037
22.603461
22.606274
22.587375
22.625821
./omp/main_linear_partial.o 2
29.269391
27.607163
29.431834
27.310490
27.410642
27.671343
27.642619
29.175615
27.143044
27.532770
./omp/main_linear_partial.o 4
24.118104
24.091986
24.153636
24.065488
24.068138
24.126951
24.068035
24.080603
24.069770
24.140870
./omp/main_linear_partial.o 8
25.335178
25.368482
25.272030
25.422821
25.340625
25.386625
25.237712
25.376026
25.384114
25.364766
./omp/main_linear_partial.o 16
20.255174
20.259270
20.251793
20.277129
20.269112
20.256836
20.264012
20.237850
20.243211
20.275857
./omp/main_linear_partial.o 32
20.416960
20.412897
20.397752
20.372594
20.405232
20.414139
20.389246
20.413240
20.371152
20.394165
Grid 2268000 1800 600 900 900
./sequential/main_linear.o
55.307892
51.224604
54.320365
50.967557
51.178856
51.200318
53.656201
50.694301
50.839591
53.617910
./pthread/main_linear_partial.o 2
33.763300
34.716054
34.717622
34.596811
34.675847
35.966673
34.422918
34.853611
34.671695
36.920855
./pthread/main_linear_partial.o 4
27.858094
28.641361
28.456936
28.398460
28.361171
28.718334
28.402881
28.861210
28.480157
28.453500
./pthread/main_linear_partial.o 8
26.584145
26.473035
26.575663
26.480930
26.590759
26.576322
26.639857
26.595131
26.532058
26.330657
./pthread/main_linear_partial.o 16
27.251763
27.224745
27.198786
27.279803
27.236434
27.266606
27.219944
27.235162
27.203105
27.271106
./pthread/main_linear_partial.o 32
28.576221
28.608720
28.585024
28.607789
28.605503
28.599648
28.619162
28.573186
28.603703
28.564599
./omp/main_linear_partial.o 2
36.186979
37.861701
37.474704
37.476685
34.495431
37.814463
35.398964
35.457633
35.312390
35.613219
./omp/main_linear_partial.o 4
30.401132
30.598223
30.548926
30.546277
30.504901
30.548045
30.565093
30.596058
30.541542
30.617319
./omp/main_linear_partial.o 8
31.656683
31.413767
31.396475
31.434169
31.428062
31.425730
31.398128
31.373025
31.412710
31.445283
./omp/main_linear_partial.o 16
25.972234
25.972772
25.945834
25.911236
26.012678
26.041572
25.926434
25.891614
25.975644
25.980389
./omp/main_linear_partial.o 32
26.019289
26.103943
26.106316
26.068563
26.089832
26.080083
26.100889
26.095413
26.080645
26.074468
Grid 2800000 2000 600 1000 1000
./sequential/main_linear.o
63.814640
66.384416
63.341945
63.165281
63.376973
64.501468
63.157972
64.754282
63.607189
65.310538
./pthread/main_linear_partial.o 2
40.767614
44.348182
42.785010
43.603515
43.418581
43.537189
43.678498
43.842496
43.474974
43.435448
./pthread/main_linear_partial.o 4
37.023394
39.285138
36.422693
35.429044
35.230715
35.223702
35.203981
35.328272
35.260396
35.428392
./pthread/main_linear_partial.o 8
33.115633
32.866905
33.157506
33.001728
33.076251
33.162444
32.993299
33.132769
33.084643
33.164291
./pthread/main_linear_partial.o 16
33.819909
33.912550
33.768224
33.783514
33.855369
33.780122
33.924756
33.767447
33.724799
33.834577
./pthread/main_linear_partial.o 32
35.266839
35.307147
35.349725
35.415076
35.385247
35.442254
35.368222
35.322668
35.382603
35.391173
./omp/main_linear_partial.o 2
45.232207
43.882465
43.988197
44.215579
43.974178
44.082898
44.932828
43.846051
43.980545
43.891946
./omp/main_linear_partial.o 4
37.381047
37.538385
37.558615
37.568803
37.387871
37.338065
37.423577
37.507851
37.476825
37.553891
./omp/main_linear_partial.o 8
37.662815
37.751283
37.853282
37.753753
37.793764
37.837440
37.538338
37.839126
37.778620
37.854718
./omp/main_linear_partial.o 16
32.333910
32.343867
32.302357
32.412457
32.299836
32.444228
32.370530
32.378924
32.346250
32.406632
./omp/main_linear_partial.o 32
32.335817
32.391767
32.426490
32.428424
32.411404
32.357441
32.499469
32.451575
32.386473
32.393006
Iteration 700000 1000 200 500 500
./sequential/main_linear.o
4.767172
4.774462
4.835467
4.910077
4.977162
5.054115
5.121777
5.202351
5.261668
5.300726
./pthread/main_linear_partial.o 2
3.224225
3.236105
3.238082
3.234910
3.271772
3.239928
3.256379
3.256336
3.241630
3.293990
./pthread/main_linear_partial.o 4
2.721405
2.657018
2.667443
2.663469
2.663665
2.668908
2.729737
2.673000
2.793127
2.666296
./pthread/main_linear_partial.o 8
2.420744
2.408028
2.422942
2.415030
2.423495
2.421334
2.426969
2.415008
2.431833
2.419274
./pthread/main_linear_partial.o 16
2.525753
2.538064
2.573212
2.774313
2.776668
2.769587
2.759216
2.753682
2.751077
2.738310
./pthread/main_linear_partial.o 32
2.970955
2.960310
2.950626
2.956547
2.957308
2.954238
2.944216
2.955252
2.947574
2.946478
./omp/main_linear_partial.o 2
3.553338
3.556102
3.533285
3.547335
3.538322
3.549433
3.528473
3.544386
3.538080
3.538957
./omp/main_linear_partial.o 4
3.068531
3.101314
3.099557
3.102507
3.094872
3.095003
3.101626
3.100338
3.098350
3.094785
./omp/main_linear_partial.o 8
3.778698
3.783622
3.776096
3.771075
3.774596
3.781964
3.789967
3.770145
3.785126
3.780009
./omp/main_linear_partial.o 16
2.512157
2.488831
2.492323
2.503505
2.485354
2.491321
2.502513
2.490670
2.490485
2.501506
./omp/main_linear_partial.o 32
2.520900
2.518886
2.526929
2.518214
2.511009
2.519404
2.513623
2.518760
2.517935
2.521315
Iteration 700000 1000 400 500 500
./sequential/main_linear.o
10.212525
9.477702
10.152521
10.106368
10.073384
10.059253
10.221024
10.022128
10.011156
10.009272
./pthread/main_linear_partial.o 2
6.246390
6.280565
6.318923
6.343848
6.369838
6.957702
6.752356
6.835653
6.764647
6.761027
./pthread/main_linear_partial.o 4
5.771656
5.740739
5.734818
5.912738
5.879904
5.726556
5.744348
5.707320
5.926000
5.709202
./pthread/main_linear_partial.o 8
5.161383
5.135465
5.160975
5.176631
5.156980
5.147228
5.125650
5.141085
5.160371
5.162134
./pthread/main_linear_partial.o 16
5.393931
5.378982
5.390984
5.380201
5.392342
5.381661
5.390287
5.399860
5.397103
5.386906
./pthread/main_linear_partial.o 32
5.813013
5.785666
5.797253
5.798235
5.797855
5.805795
5.804263
5.785649
5.800785
5.793690
./omp/main_linear_partial.o 2
6.904442
6.907198
6.894540
6.896545
7.052751
6.906634
7.060195
6.954337
7.073199
6.911753
./omp/main_linear_partial.o 4
6.107468
6.132421
6.129978
6.120735
6.128518
6.127185
6.139317
6.135258
6.116574
6.138352
./omp/main_linear_partial.o 8
7.426686
7.420289
7.427005
7.432692
7.435772
7.424192
7.421560
7.425432
7.421450
7.424527
./omp/main_linear_partial.o 16
4.912226
4.911482
4.898671
4.915327
4.910272
4.919841
4.910108
4.915020
4.898378
4.908620
./omp/main_linear_partial.o 32
4.946944
4.957422
4.954381
4.962699
4.950807
4.966005
4.945999
4.951285
4.942654
4.958661
Iteration 700000 1000 600 500 500
./sequential/main_linear.o
14.867188
14.778988
14.765489
14.755265
14.737969
14.695131
13.597984
14.778481
14.729934
14.690132
./pthread/main_linear_partial.o 2
9.065089
9.673593
9.797240
9.752024
9.748352
9.832385
9.733112
9.761323
9.818575
9.847789
./pthread/main_linear_partial.o 4
8.653339
8.321946
8.394247
8.327889
8.362087
8.502883
8.294913
8.315160
8.534334
8.542719
./pthread/main_linear_partial.o 8
7.492450
7.552568
7.609022
7.545797
7.571783
7.568935
7.594387
7.495065
7.490658
7.598591
./pthread/main_linear_partial.o 16
7.858473
7.837643
7.858569
7.862854
7.846707
7.845514
7.862687
7.856805
7.849235
7.854654
./pthread/main_linear_partial.o 32
8.448320
8.431621
8.404519
8.412679
8.424645
8.435734
8.418524
8.437653
8.418643
8.434771
./omp/main_linear_partial.o 2
9.998831
10.234977
10.002165
9.970209
9.976464
10.217125
10.130448
10.187119
10.142683
10.220162
./omp/main_linear_partial.o 4
8.930726
8.954211
8.935732
8.938963
8.943295
8.937617
8.935515
8.937980
8.931469
8.945569
./omp/main_linear_partial.o 8
10.793275
10.783839
10.774828
10.785671
10.766395
10.781779
10.759085
10.768385
10.776358
10.765417
./omp/main_linear_partial.o 16
7.165217
7.153060
7.158675
7.139697
7.173327
7.151271
7.163935
7.163451
7.164272
7.159915
./omp/main_linear_partial.o 32
7.179226
7.183308
7.179815
7.186800
7.182088
7.186153
7.193875
7.189854
7.181643
7.176040
Iteration 700000 1000 800 500 500
./sequential/main_linear.o
17.593785
18.904291
17.398612
18.817292
18.729464
18.662717
17.294601
18.762049
17.278798
18.750201
./pthread/main_linear_partial.o 2
12.096031
12.232757
12.424745
12.419121
12.370685
12.411176
12.395261
12.400477
12.504619
12.379741
./pthread/main_linear_partial.o 4
10.655179
10.674554
10.924352
10.662919
10.678320
11.214338
10.976593
10.703174
10.702035
10.949814
./pthread/main_linear_partial.o 8
9.790272
9.707364
9.757945
9.613807
9.653694
9.699417
9.658722
9.749603
9.690531
9.734635
./pthread/main_linear_partial.o 16
10.094147
10.074883
10.103303
10.101019
10.102002
10.058664
10.092349
10.102615
10.082715
10.089116
./pthread/main_linear_partial.o 32
11.022821
13.881972
12.687903
11.025740
10.866835
10.834489
11.535251
12.177419
13.102154
12.336291
./omp/main_linear_partial.o 2
13.414951
16.215449
15.839225
13.428455
13.052985
12.767398
12.743877
12.957412
12.966761
12.958643
./omp/main_linear_partial.o 4
11.423012
11.547287
11.516006
11.582663
11.449031
11.439669
11.542647
12.688811
12.718067
11.713019
./omp/main_linear_partial.o 8
14.207260
13.752603
13.727579
13.726176
13.732740
13.713907
13.695867
13.734206
13.719636
13.690082
./omp/main_linear_partial.o 16
9.169811
9.164797
9.150694
9.153519
9.152733
9.165875
9.159791
9.168614
9.162699
9.177916
./omp/main_linear_partial.o 32
9.147420
9.154711
9.153607
9.142853
9.148441
9.162213
9.152787
9.156450
9.163445
9.158204
Iteration 700000 1000 1000 500 500
./sequential/main_linear.o
22.123499
20.237615
22.000722
21.911444
21.877345
20.303838
21.898529
20.067205
21.926540
20.214936
./pthread/main_linear_partial.o 2
14.047861
13.664068
14.440951
14.674495
14.735031
14.867801
14.629087
14.547582
14.682656
14.595897
./pthread/main_linear_partial.o 4
12.784984
12.869491
13.455298
12.695191
13.587574
12.763948
12.685976
12.877388
12.693641
12.802726
./pthread/main_linear_partial.o 8
11.717787
11.549873
11.581203
11.611685
11.831215
11.592061
11.659943
11.473536
11.502757
11.592475
./pthread/main_linear_partial.o 16
11.956598
11.982769
11.974275
11.968299
11.975764
11.976155
11.975419
11.981162
11.968722
11.981459
./pthread/main_linear_partial.o 32
12.843001
12.814557
12.833000
12.883571
12.853650
12.902173
12.855391
12.841244
12.862135
12.849814
./omp/main_linear_partial.o 2
15.036956
14.956058
14.945508
14.976559
14.935736
15.296040
14.961174
14.959365
14.937160
15.140331
./omp/main_linear_partial.o 4
13.744996
13.757130
13.792506
13.767021
13.781731
13.790108
13.795619
13.783520
13.785825
13.778514
./omp/main_linear_partial.o 8
16.386377
16.424400
16.411210
16.438311
16.464738
16.432783
16.414351
16.493085
16.515521
16.403885
./omp/main_linear_partial.o 16
10.924352
10.911119
10.921681
10.895235
10.896691
10.932225
10.922364
10.917331
10.935714
10.914371
./omp/main_linear_partial.o 32
10.900072
10.880307
10.890849
10.889251
10.891224
10.899157
10.902038
10.889969
10.874630
10.901654
Iteration 700000 1000 1200 500 500
./sequential/main_linear.o
24.842126
24.673748
22.672431
24.687821
22.711752
24.659665
22.739774
24.715425
24.599686
24.519246
./pthread/main_linear_partial.o 2
15.579631
16.487004
16.666262
16.700715
16.387101
16.421802
16.449319
16.455635
16.442750
16.795423
./pthread/main_linear_partial.o 4
14.440725
14.523255
14.446789
14.463029
14.446116
14.443306
14.815179
14.442943
14.685031
14.544743
./pthread/main_linear_partial.o 8
13.417261
13.249335
13.178023
13.161977
13.110970
13.122130
13.307859
13.352567
13.145957
13.224236
./pthread/main_linear_partial.o 16
13.583787
13.613498
13.596762
13.590852
13.591446
13.606872
13.606244
13.604890
13.608335
13.592354
./pthread/main_linear_partial.o 32
14.580273
14.569945
14.557467
14.622175
14.560051
14.582705
14.583661
14.569151
14.564935
14.609356
./omp/main_linear_partial.o 2
16.956280
16.899164
16.840659
16.811616
17.264827
16.830231
16.819736
16.825415
17.213347
16.813760
./omp/main_linear_partial.o 4
15.678574
15.742121
15.687037
15.737341
15.697012
15.761325
15.705872
15.718566
15.704425
15.710141
./omp/main_linear_partial.o 8
18.676789
18.679227
18.678579
18.696770
18.659365
18.676671
18.701363
18.751016
18.752250
18.698506
./omp/main_linear_partial.o 16
12.358402
12.339396
12.327113
12.330092
12.327290
12.338507
12.341908
12.332862
12.362478
12.344871
./omp/main_linear_partial.o 32
12.299271
12.292680
12.292808
12.288906
12.291260
12.290423
12.288185
12.303010
12.293488
12.290330
Iteration 700000 1000 1400 500 500
./sequential/main_linear.o
25.062725
26.548880
26.505578
26.313769
26.337035
26.180204
26.574579
26.221264
26.431644
26.104842
./pthread/main_linear_partial.o 2
16.787014
17.043383
18.171237
18.065961
18.203312
18.009711
18.014652
18.017000
18.042628
18.007919
./pthread/main_linear_partial.o 4
16.007711
15.910150
15.962598
16.374423
16.364624
16.115261
15.888252
16.169886
16.005721
16.221537
./pthread/main_linear_partial.o 8
14.857706
14.873789
15.030310
14.956965
14.701529
15.003419
14.802571
14.726526
14.819699
14.582855
./pthread/main_linear_partial.o 16
14.969735
14.947545
14.975235
14.954729
14.948822
14.951067
14.958953
14.967850
14.975529
14.946748
./pthread/main_linear_partial.o 32
15.989965
16.030397
16.005467
16.023577
15.989963
16.024776
16.018170
16.023329
16.019125
16.014931
./omp/main_linear_partial.o 2
18.982401
18.417717
18.926399
18.407079
18.608661
18.956849
18.448492
18.946638
18.450531
18.483050
./omp/main_linear_partial.o 4
17.424105
17.385101
17.380279
17.382353
17.442698
17.387890
17.392701
17.405793
17.408437
17.392125
./omp/main_linear_partial.o 8
20.667947
20.682777
20.651064
20.690802
20.645036
20.659486
20.606050
20.632715
20.643412
20.656746
./omp/main_linear_partial.o 16
13.546380
13.530047
13.558341
13.522694
13.505075
13.560120
13.525794
13.560561
13.562104
13.545923
./omp/main_linear_partial.o 32
13.431558
13.476731
13.473871
13.500712
13.488501
13.459191
13.464771
13.452619
13.465729
13.472809
Iteration 700000 1000 1600 500 500
./sequential/main_linear.o
28.754810
28.561781
28.473162
28.445362
28.404783
28.390344
28.344189
28.327077
28.162647
28.327707
./pthread/main_linear_partial.o 2
18.637551
19.882936
19.485040
19.595055
19.369477
19.547683
19.366879
19.438602
19.437935
19.427760
./pthread/main_linear_partial.o 4
17.359787
17.485568
17.750773
17.584280
17.360462
17.624723
17.342187
17.326985
17.672166
17.345204
./pthread/main_linear_partial.o 8
15.887318
15.885016
16.251217
15.983448
16.062298
15.995873
16.054611
15.973979
15.970917
16.011869
./pthread/main_linear_partial.o 16
16.152475
16.191078
16.165065
16.181853
16.158490
16.166173
16.187943
16.196551
16.154590
16.166370
./pthread/main_linear_partial.o 32
17.321153
17.280470
17.288949
17.386913
17.310676
17.315935
17.332474
17.313462
17.339018
17.295704
./omp/main_linear_partial.o 2
19.977668
19.926923
19.923823
19.934083
19.914224
20.421150
19.954169
19.956646
19.941091
19.865462
./omp/main_linear_partial.o 4
18.883313
18.919491
18.929138
18.917293
18.915314
18.923117
18.924597
18.918620
18.939253
18.962279
./omp/main_linear_partial.o 8
22.435251
22.470303
22.460632
22.477042
22.479030
22.458597
22.468846
22.443151
22.498408
22.439543
./omp/main_linear_partial.o 16
14.604208
14.603644
14.594067
14.626995
14.612025
14.607691
14.616532
14.601151
14.635378
14.577626
./omp/main_linear_partial.o 32
14.494722
14.528196
14.531085
14.503032
14.515730
14.494578
14.493542
14.506098
14.494806
14.505239
Iteration 700000 1000 1800 500 500
./sequential/main_linear.o
30.501072
29.889382
29.882100
30.109484
29.609044
29.535517
29.984084
29.476848
30.000570
29.430082
./pthread/main_linear_partial.o 2
19.420927
20.183424
20.773944
20.882260
20.705634
20.907915
20.708358
20.796904
20.679670
20.892762
./pthread/main_linear_partial.o 4
18.689127
18.854414
18.751994
18.643362
18.609152
18.710947
18.611926
18.585028
18.587709
18.575358
./pthread/main_linear_partial.o 8
17.577247
17.323117
17.203709
17.277564
17.593200
17.545281
17.444768
17.169332
17.497393
17.345715
./pthread/main_linear_partial.o 16
17.288391
17.309388
17.331533
17.314238
17.296858
17.311501
17.319572
17.328554
17.295209
17.328263
./pthread/main_linear_partial.o 32
18.487790
18.545628
18.542055
18.534061
18.555900
18.533476
18.549700
18.499456
18.522231
18.526090
./omp/main_linear_partial.o 2
21.826747
21.720571
21.169877
21.302940
21.299746
21.263790
21.799728
21.141669
21.754149
21.187896
./omp/main_linear_partial.o 4
20.324405
20.304498
20.291765
20.290331
20.276706
20.256843
20.323981
20.300364
20.342720
20.304559
./omp/main_linear_partial.o 8
24.109566
24.120478
24.133890
24.121257
24.144520
24.100989
24.125484
24.110462
24.108922
24.107388
./omp/main_linear_partial.o 16
15.599440
15.610501
15.611062
15.597328
15.616717
15.642315
15.592157
15.603037
15.594645
15.613810
./omp/main_linear_partial.o 32
15.473213
15.444414
15.447522
15.449396
15.495519
15.472025
15.449214
15.461544
15.469002
15.455364
Iteration 700000 1000 2000 500 500
./sequential/main_linear.o
31.968273
31.762164
31.178544
31.098576
31.446356
30.999886
31.092121
30.977712
31.040264
31.502527
./pthread/main_linear_partial.o 2
20.905299
21.350317
22.026744
21.867775
21.875649
21.919746
21.925025
22.443457
21.919752
21.922812
./pthread/main_linear_partial.o 4
19.730460
19.899986
19.748037
19.815696
19.798677
19.977686
19.803410
19.832701
19.740074
19.795322
./pthread/main_linear_partial.o 8
18.612178
18.570135
18.374885
18.477769
18.457174
18.425194
18.305126
18.278715
18.496585
18.319422
./pthread/main_linear_partial.o 16
18.359860
18.398285
18.424229
18.424024
18.408060
18.427633
18.391390
18.418364
18.404995
18.427686
./pthread/main_linear_partial.o 32
19.665395
19.609276
19.615336
19.631623
19.630639
19.624965
19.643207
19.653309
19.598154
19.644325
./omp/main_linear_partial.o 2
22.430952
22.524293
22.954387
22.409896
22.546807
23.015484
22.357640
22.443152
22.472497
22.528201
./omp/main_linear_partial.o 4
21.602368
21.578634
21.576033
21.619140
21.580729
21.571575
21.580030
21.590957
21.575909
21.606685
./omp/main_linear_partial.o 8
25.618092
25.643326
25.601655
25.663126
25.593352
25.645840
25.649679
25.634664
25.650858
25.632871
./omp/main_linear_partial.o 16
16.573473
16.566972
16.524574
16.525701
16.569328
16.533000
16.524462
16.531389
16.540588
16.571479
./omp/main_linear_partial.o 32
16.369544
16.356150
16.357555
16.369394
16.368077
16.345383
16.325135
16.352672
16.345013
16.358800

